1.008123619999999931e+01
1.002239630000000048e+01
9.865489900000000034e+00
9.943943100000000257e+00
9.963556399999999869e+00
1.015968939999999954e+01
9.963556399999999869e+00
1.010084950000000070e+01
9.885103199999999646e+00
1.000278300000000087e+01
1.000278300000000087e+01
1.015968939999999954e+01
1.010084950000000070e+01
1.002239630000000048e+01
1.027736920000000076e+01
1.029698250000000037e+01
1.033620909999999959e+01
1.045388890000000082e+01
1.019891600000000054e+01
1.010084950000000070e+01
1.021852930000000015e+01
1.043427559999999943e+01
1.059118199999999987e+01
1.035582240000000098e+01
1.031659579999999998e+01
1.035582240000000098e+01
1.045388890000000082e+01
1.015968939999999954e+01
1.010084950000000070e+01
1.019891600000000054e+01
1.039504900000000021e+01
1.025775589999999937e+01
1.010084950000000070e+01
1.010084950000000070e+01
1.035582240000000098e+01
1.023814259999999976e+01
1.000278300000000087e+01
9.963556399999999869e+00
1.041466229999999982e+01
1.017930270000000093e+01
9.708583499999999589e+00
1.008123619999999931e+01
1.037543570000000059e+01
1.014007609999999993e+01
9.630130299999999366e+00
1.014007609999999993e+01
1.074808840000000032e+01
9.904716499999999257e+00
9.630130299999999366e+00
1.021852930000000015e+01
1.037543570000000059e+01
9.904716499999999257e+00
9.845876600000000423e+00
1.023814259999999976e+01
9.904716499999999257e+00
9.630130299999999366e+00
9.983169699999999480e+00
1.033620909999999959e+01
9.787036699999999811e+00
9.747810100000000588e+00
1.023814259999999976e+01
1.012046280000000031e+01
9.708583499999999589e+00
9.492837200000000308e+00
1.010084950000000070e+01
9.924329800000000645e+00
9.865489900000000034e+00
1.010084950000000070e+01
1.017930270000000093e+01
9.649743600000000754e+00
9.845876600000000423e+00
1.019891600000000054e+01
1.006162289999999970e+01
9.767423400000000200e+00
1.002239630000000048e+01
1.037543570000000059e+01
9.806649999999999423e+00
9.610516999999999754e+00
1.017930270000000093e+01
1.043427559999999943e+01
9.767423400000000200e+00
9.767423400000000200e+00
1.033620909999999959e+01
1.019891600000000054e+01
9.688970199999999977e+00
9.904716499999999257e+00
1.045388890000000082e+01
1.019891600000000054e+01
9.943943100000000257e+00
1.019891600000000054e+01
1.023814259999999976e+01
9.826263300000000811e+00
1.004200960000000009e+01
1.053234209999999926e+01
1.027736920000000076e+01
9.924329800000000645e+00
1.027736920000000076e+01
1.023814259999999976e+01
9.963556399999999869e+00
1.019891600000000054e+01
1.059118199999999987e+01
1.027736920000000076e+01
9.826263300000000811e+00
1.012046280000000031e+01
1.049311550000000004e+01
1.010084950000000070e+01
9.943943100000000257e+00
1.037543570000000059e+01
1.070886179999999932e+01
1.017930270000000093e+01
1.012046280000000031e+01
1.053234209999999926e+01
1.033620909999999959e+01
9.787036699999999811e+00
1.025775589999999937e+01
1.047350220000000043e+01
1.019891600000000054e+01
1.008123619999999931e+01
1.047350220000000043e+01
1.019891600000000054e+01
9.728196799999999200e+00
1.039504900000000021e+01
1.037543570000000059e+01
1.015968939999999954e+01
1.049311550000000004e+01
1.057156870000000026e+01
1.021852930000000015e+01
1.000278300000000087e+01
1.053234209999999926e+01
1.039504900000000021e+01
9.904716499999999257e+00
1.033620909999999959e+01
1.068924849999999971e+01
1.031659579999999998e+01
9.924329800000000645e+00
1.029698250000000037e+01
1.043427559999999943e+01
9.983169699999999480e+00
1.027736920000000076e+01
1.074808840000000032e+01
1.041466229999999982e+01
9.904716499999999257e+00
1.027736920000000076e+01
1.045388890000000082e+01
1.004200960000000009e+01
1.014007609999999993e+01
1.055195540000000065e+01
1.033620909999999959e+01
9.865489900000000034e+00
1.010084950000000070e+01
1.047350220000000043e+01
9.983169699999999480e+00
9.983169699999999480e+00
1.035582240000000098e+01
1.021852930000000015e+01
9.885103199999999646e+00
1.031659579999999998e+01
1.059118199999999987e+01
1.012046280000000031e+01
9.885103199999999646e+00
1.023814259999999976e+01
1.035582240000000098e+01
1.015968939999999954e+01
1.041466229999999982e+01
1.043427559999999943e+01
1.012046280000000031e+01
9.924329800000000645e+00
1.045388890000000082e+01
1.031659579999999998e+01
9.943943100000000257e+00
1.039504900000000021e+01
1.053234209999999926e+01
1.002239630000000048e+01
9.649743600000000754e+00
1.019891600000000054e+01
1.043427559999999943e+01
1.025775589999999937e+01
1.014007609999999993e+01
1.031659579999999998e+01
1.037543570000000059e+01
1.006162289999999970e+01
1.021852930000000015e+01
1.045388890000000082e+01
1.039504900000000021e+01
1.029698250000000037e+01
1.027736920000000076e+01
1.027736920000000076e+01
1.025775589999999937e+01
1.039504900000000021e+01
1.039504900000000021e+01
1.033620909999999959e+01
1.037543570000000059e+01
1.023814259999999976e+01
9.963556399999999869e+00
1.025775589999999937e+01
1.039504900000000021e+01
1.043427559999999943e+01
1.012046280000000031e+01
1.039504900000000021e+01
1.049311550000000004e+01
1.033620909999999959e+01
1.000278300000000087e+01
1.027736920000000076e+01
1.043427559999999943e+01
1.015968939999999954e+01
1.023814259999999976e+01
1.063040860000000087e+01
1.049311550000000004e+01
1.017930270000000093e+01
1.021852930000000015e+01
1.027736920000000076e+01
1.021852930000000015e+01
1.029698250000000037e+01
1.029698250000000037e+01
1.027736920000000076e+01
1.021852930000000015e+01
1.031659579999999998e+01
1.025775589999999937e+01
1.014007609999999993e+01
1.004200960000000009e+01
1.039504900000000021e+01
1.047350220000000043e+01
1.025775589999999937e+01
1.043427559999999943e+01
1.055195540000000065e+01
1.027736920000000076e+01
1.008123619999999931e+01
1.002239630000000048e+01
1.043427559999999943e+01
1.053234209999999926e+01
1.049311550000000004e+01
1.027736920000000076e+01
1.035582240000000098e+01
1.025775589999999937e+01
1.023814259999999976e+01
1.037543570000000059e+01
1.063040860000000087e+01
1.041466229999999982e+01
1.029698250000000037e+01
1.045388890000000082e+01
1.063040860000000087e+01
1.023814259999999976e+01
1.010084950000000070e+01
1.041466229999999982e+01
1.055195540000000065e+01
1.027736920000000076e+01
1.008123619999999931e+01
1.025775589999999937e+01
1.047350220000000043e+01
1.051272879999999965e+01
1.008123619999999931e+01
9.963556399999999869e+00
1.031659579999999998e+01
1.031659579999999998e+01
1.047350220000000043e+01
1.017930270000000093e+01
9.845876600000000423e+00
9.845876600000000423e+00
1.021852930000000015e+01
1.047350220000000043e+01
1.033620909999999959e+01
1.014007609999999993e+01
9.885103199999999646e+00
9.943943100000000257e+00
1.008123619999999931e+01
1.008123619999999931e+01
1.019891600000000054e+01
1.015968939999999954e+01
1.006162289999999970e+01
1.012046280000000031e+01
1.035582240000000098e+01
1.012046280000000031e+01
9.963556399999999869e+00
1.023814259999999976e+01
1.029698250000000037e+01
1.017930270000000093e+01
1.027736920000000076e+01
1.027736920000000076e+01
1.023814259999999976e+01
1.000278300000000087e+01
1.004200960000000009e+01
1.035582240000000098e+01
1.039504900000000021e+01
1.021852930000000015e+01
1.025775589999999937e+01
1.037543570000000059e+01
1.029698250000000037e+01
1.014007609999999993e+01
1.027736920000000076e+01
1.033620909999999959e+01
1.041466229999999982e+01
1.041466229999999982e+01
1.039504900000000021e+01
1.025775589999999937e+01
1.023814259999999976e+01
1.043427559999999943e+01
1.041466229999999982e+01
1.053234209999999926e+01
1.057156870000000026e+01
1.055195540000000065e+01
1.051272879999999965e+01
1.047350220000000043e+01
1.027736920000000076e+01
1.033620909999999959e+01
1.051272879999999965e+01
1.045388890000000082e+01
1.037543570000000059e+01
1.027736920000000076e+01
1.031659579999999998e+01
1.033620909999999959e+01
1.037543570000000059e+01
1.031659579999999998e+01
1.031659579999999998e+01
1.031659579999999998e+01
1.031659579999999998e+01
1.035582240000000098e+01
1.037543570000000059e+01
1.037543570000000059e+01
1.033620909999999959e+01
1.033620909999999959e+01
1.025775589999999937e+01
1.021852930000000015e+01
1.027736920000000076e+01
1.041466229999999982e+01
1.031659579999999998e+01
1.027736920000000076e+01
1.033620909999999959e+01
1.035582240000000098e+01
1.033620909999999959e+01
1.037543570000000059e+01
1.037543570000000059e+01
1.023814259999999976e+01
1.031659579999999998e+01
1.043427559999999943e+01
1.037543570000000059e+01
1.037543570000000059e+01
1.041466229999999982e+01
1.037543570000000059e+01
1.031659579999999998e+01
1.023814259999999976e+01
1.012046280000000031e+01
1.012046280000000031e+01
1.006162289999999970e+01
1.015968939999999954e+01
1.025775589999999937e+01
1.025775589999999937e+01
1.012046280000000031e+01
1.023814259999999976e+01
1.004200960000000009e+01
9.787036699999999811e+00
1.006162289999999970e+01
1.033620909999999959e+01
1.027736920000000076e+01
1.000278300000000087e+01
9.904716499999999257e+00
9.924329800000000645e+00
9.845876600000000423e+00
1.004200960000000009e+01
1.021852930000000015e+01
1.027736920000000076e+01
1.023814259999999976e+01
1.000278300000000087e+01
9.826263300000000811e+00
1.006162289999999970e+01
1.012046280000000031e+01
1.014007609999999993e+01
9.983169699999999480e+00
1.025775589999999937e+01
1.035582240000000098e+01
9.943943100000000257e+00
9.845876600000000423e+00
1.031659579999999998e+01
1.057156870000000026e+01
1.043427559999999943e+01
1.004200960000000009e+01
1.014007609999999993e+01
1.019891600000000054e+01
1.045388890000000082e+01
1.049311550000000004e+01
1.051272879999999965e+01
1.029698250000000037e+01
1.004200960000000009e+01
1.019891600000000054e+01
1.051272879999999965e+01
1.051272879999999965e+01
1.037543570000000059e+01
1.047350220000000043e+01
1.047350220000000043e+01
1.041466229999999982e+01
1.021852930000000015e+01
1.033620909999999959e+01
1.074808840000000032e+01
1.070886179999999932e+01
1.025775589999999937e+01
1.021852930000000015e+01
1.037543570000000059e+01
1.053234209999999926e+01
1.049311550000000004e+01
1.051272879999999965e+01
1.049311550000000004e+01
1.027736920000000076e+01
1.039504900000000021e+01
1.063040860000000087e+01
1.059118199999999987e+01
1.033620909999999959e+01
1.025775589999999937e+01
1.043427559999999943e+01
1.041466229999999982e+01
1.039504900000000021e+01
1.025775589999999937e+01
1.027736920000000076e+01
1.039504900000000021e+01
1.045388890000000082e+01
1.053234209999999926e+01
1.047350220000000043e+01
1.031659579999999998e+01
1.025775589999999937e+01
1.019891600000000054e+01
1.037543570000000059e+01
1.043427559999999943e+01
1.035582240000000098e+01
1.031659579999999998e+01
1.031659579999999998e+01
1.053234209999999926e+01
1.043427559999999943e+01
1.002239630000000048e+01
1.021852930000000015e+01
1.066963520000000010e+01
1.047350220000000043e+01
1.002239630000000048e+01
1.002239630000000048e+01
1.033620909999999959e+01
1.051272879999999965e+01
1.043427559999999943e+01
1.017930270000000093e+01
1.017930270000000093e+01
1.035582240000000098e+01
1.045388890000000082e+01
1.027736920000000076e+01
1.037543570000000059e+01
1.037543570000000059e+01
1.065002190000000049e+01
1.043427559999999943e+01
1.025775589999999937e+01
1.000278300000000087e+01
1.033620909999999959e+01
1.061079529999999949e+01
1.035582240000000098e+01
1.012046280000000031e+01
1.006162289999999970e+01
1.037543570000000059e+01
1.055195540000000065e+01
1.047350220000000043e+01
1.010084950000000070e+01
9.904716499999999257e+00
1.031659579999999998e+01
1.033620909999999959e+01
1.019891600000000054e+01
9.904716499999999257e+00
1.021852930000000015e+01
1.035582240000000098e+01
1.031659579999999998e+01
1.027736920000000076e+01
1.045388890000000082e+01
1.041466229999999982e+01
1.039504900000000021e+01
1.031659579999999998e+01
1.014007609999999993e+01
1.021852930000000015e+01
1.027736920000000076e+01
1.029698250000000037e+01
1.047350220000000043e+01
1.068924849999999971e+01
1.019891600000000054e+01
9.865489900000000034e+00
9.904716499999999257e+00
1.053234209999999926e+01
1.068924849999999971e+01
1.019891600000000054e+01
1.012046280000000031e+01
1.033620909999999959e+01
1.035582240000000098e+01
1.035582240000000098e+01
1.049311550000000004e+01
1.039504900000000021e+01
9.983169699999999480e+00
1.008123619999999931e+01
1.061079529999999949e+01
1.078731499999999954e+01
1.021852930000000015e+01
9.924329800000000645e+00
1.027736920000000076e+01
1.033620909999999959e+01
1.047350220000000043e+01
1.055195540000000065e+01
1.012046280000000031e+01
1.004200960000000009e+01
1.031659579999999998e+01
1.057156870000000026e+01
1.053234209999999926e+01
1.029698250000000037e+01
1.015968939999999954e+01
1.033620909999999959e+01
1.015968939999999954e+01
1.008123619999999931e+01
1.049311550000000004e+01
1.025775589999999937e+01
1.002239630000000048e+01
1.031659579999999998e+01
1.076770169999999993e+01
1.082654160000000054e+01
1.045388890000000082e+01
9.924329800000000645e+00
9.924329800000000645e+00
1.035582240000000098e+01
1.065002190000000049e+01
1.055195540000000065e+01
1.031659579999999998e+01
1.000278300000000087e+01
1.027736920000000076e+01
1.043427559999999943e+01
1.051272879999999965e+01
1.035582240000000098e+01
1.017930270000000093e+01
1.041466229999999982e+01
1.043427559999999943e+01
1.031659579999999998e+01
1.051272879999999965e+01
1.031659579999999998e+01
1.029698250000000037e+01
1.045388890000000082e+01
1.049311550000000004e+01
1.037543570000000059e+01
1.047350220000000043e+01
1.019891600000000054e+01
1.000278300000000087e+01
1.037543570000000059e+01
1.061079529999999949e+01
1.049311550000000004e+01
1.045388890000000082e+01
1.053234209999999926e+01
1.059118199999999987e+01
1.035582240000000098e+01
1.023814259999999976e+01
1.047350220000000043e+01
1.072847510000000071e+01
1.068924849999999971e+01
1.061079529999999949e+01
1.039504900000000021e+01
1.035582240000000098e+01
1.059118199999999987e+01
1.053234209999999926e+01
1.049311550000000004e+01
1.047350220000000043e+01
1.051272879999999965e+01
1.037543570000000059e+01
9.865489900000000034e+00
9.747810100000000588e+00
1.000278300000000087e+01
9.963556399999999869e+00
1.039504900000000021e+01
1.039504900000000021e+01
1.025775589999999937e+01
1.017930270000000093e+01
1.014007609999999993e+01
1.029698250000000037e+01
1.017930270000000093e+01
1.025775589999999937e+01
1.033620909999999959e+01
1.039504900000000021e+01
1.045388890000000082e+01
1.053234209999999926e+01
1.055195540000000065e+01
1.027736920000000076e+01
1.015968939999999954e+01
1.014007609999999993e+01
1.035582240000000098e+01
1.047350220000000043e+01
1.053234209999999926e+01
1.063040860000000087e+01
1.021852930000000015e+01
1.041466229999999982e+01
1.053234209999999926e+01
1.035582240000000098e+01
1.086576819999999977e+01
1.029698250000000037e+01
1.059118199999999987e+01
1.061079529999999949e+01
9.826263300000000811e+00
1.082654160000000054e+01
1.108151450000000082e+01
1.098344799999999921e+01
1.066963520000000010e+01
1.153262040000000077e+01
1.090499480000000077e+01
1.019891600000000054e+01
9.904716499999999257e+00
1.006162289999999970e+01
1.108151450000000082e+01
1.063040860000000087e+01
1.055195540000000065e+01
1.057156870000000026e+01
1.023814259999999976e+01
9.845876600000000423e+00
1.080692830000000093e+01
1.008123619999999931e+01
1.019891600000000054e+01
1.068924849999999971e+01
9.747810100000000588e+00
1.080692830000000093e+01
1.047350220000000043e+01
1.059118199999999987e+01
1.033620909999999959e+01
1.094422139999999999e+01
1.004200960000000009e+01
9.747810100000000588e+00
1.114035439999999966e+01
1.037543570000000059e+01
1.033620909999999959e+01
1.053234209999999926e+01
1.004200960000000009e+01
1.033620909999999959e+01
1.019891600000000054e+01
1.025775589999999937e+01
1.023814259999999976e+01
1.029698250000000037e+01
1.037543570000000059e+01
1.031659579999999998e+01
1.033620909999999959e+01
1.035582240000000098e+01
1.031659579999999998e+01
1.033620909999999959e+01
1.033620909999999959e+01
1.035582240000000098e+01
1.035582240000000098e+01
1.027736920000000076e+01
1.027736920000000076e+01
1.039504900000000021e+01
1.039504900000000021e+01
1.043427559999999943e+01
1.025775589999999937e+01
1.031659579999999998e+01
1.035582240000000098e+01
1.039504900000000021e+01
1.047350220000000043e+01
1.031659579999999998e+01
1.029698250000000037e+01
1.027736920000000076e+01
1.017930270000000093e+01
1.029698250000000037e+01
1.023814259999999976e+01
1.037543570000000059e+01
1.033620909999999959e+01
1.039504900000000021e+01
1.035582240000000098e+01
1.035582240000000098e+01
1.047350220000000043e+01
1.041466229999999982e+01
1.033620909999999959e+01
1.027736920000000076e+01
1.029698250000000037e+01
1.033620909999999959e+01
1.031659579999999998e+01
1.031659579999999998e+01
1.031659579999999998e+01
1.031659579999999998e+01
1.037543570000000059e+01
1.047350220000000043e+01
1.033620909999999959e+01
1.029698250000000037e+01
1.027736920000000076e+01
1.039504900000000021e+01
1.037543570000000059e+01
1.025775589999999937e+01
1.035582240000000098e+01
1.033620909999999959e+01
1.039504900000000021e+01
1.027736920000000076e+01
1.027736920000000076e+01
1.023814259999999976e+01
1.027736920000000076e+01
1.037543570000000059e+01
1.025775589999999937e+01
1.037543570000000059e+01
1.031659579999999998e+01
1.029698250000000037e+01
1.035582240000000098e+01
1.043427559999999943e+01
1.017930270000000093e+01
1.035582240000000098e+01
1.047350220000000043e+01
1.031659579999999998e+01
1.031659579999999998e+01
1.027736920000000076e+01
1.027736920000000076e+01
1.035582240000000098e+01
1.037543570000000059e+01
1.025775589999999937e+01
1.035582240000000098e+01
1.035582240000000098e+01
1.037543570000000059e+01
1.033620909999999959e+01
1.041466229999999982e+01
1.025775589999999937e+01
1.029698250000000037e+01
1.041466229999999982e+01
1.037543570000000059e+01
1.033620909999999959e+01
1.037543570000000059e+01
1.029698250000000037e+01
1.035582240000000098e+01
1.025775589999999937e+01
1.041466229999999982e+01
1.037543570000000059e+01
1.023814259999999976e+01
1.033620909999999959e+01
1.041466229999999982e+01
1.025775589999999937e+01
1.041466229999999982e+01
1.035582240000000098e+01
1.021852930000000015e+01
1.027736920000000076e+01
1.025775589999999937e+01
1.023814259999999976e+01
1.035582240000000098e+01
1.033620909999999959e+01
1.025775589999999937e+01
1.027736920000000076e+01
1.033620909999999959e+01
1.023814259999999976e+01
1.027736920000000076e+01
1.023814259999999976e+01
1.033620909999999959e+01
1.031659579999999998e+01
1.033620909999999959e+01
1.027736920000000076e+01
1.043427559999999943e+01
1.025775589999999937e+01
1.035582240000000098e+01
1.029698250000000037e+01
1.033620909999999959e+01
1.047350220000000043e+01
1.031659579999999998e+01
1.037543570000000059e+01
1.031659579999999998e+01
1.037543570000000059e+01
1.027736920000000076e+01
1.027736920000000076e+01
1.041466229999999982e+01
1.037543570000000059e+01
1.031659579999999998e+01
1.019891600000000054e+01
1.025775589999999937e+01
1.023814259999999976e+01
1.035582240000000098e+01
1.041466229999999982e+01
1.031659579999999998e+01
1.021852930000000015e+01
1.029698250000000037e+01
1.039504900000000021e+01
1.047350220000000043e+01
1.039504900000000021e+01
1.037543570000000059e+01
1.035582240000000098e+01
1.043427559999999943e+01
1.041466229999999982e+01
1.027736920000000076e+01
1.029698250000000037e+01
1.021852930000000015e+01
1.039504900000000021e+01
1.043427559999999943e+01
1.027736920000000076e+01
1.021852930000000015e+01
1.035582240000000098e+01
1.033620909999999959e+01
1.025775589999999937e+01
1.021852930000000015e+01
1.039504900000000021e+01
1.037543570000000059e+01
1.031659579999999998e+01
1.039504900000000021e+01
1.021852930000000015e+01
1.002239630000000048e+01
1.027736920000000076e+01
1.041466229999999982e+01
1.027736920000000076e+01
1.033620909999999959e+01
1.021852930000000015e+01
1.014007609999999993e+01
1.023814259999999976e+01
1.076770169999999993e+01
1.072847510000000071e+01
9.512450499999999920e+00
1.015968939999999954e+01
1.092460810000000038e+01
1.047350220000000043e+01
9.865489900000000034e+00
1.019891600000000054e+01
1.059118199999999987e+01
1.059118199999999987e+01
1.035582240000000098e+01
1.045388890000000082e+01
1.035582240000000098e+01
1.033620909999999959e+01
1.053234209999999926e+01
1.041466229999999982e+01
1.021852930000000015e+01
1.014007609999999993e+01
1.023814259999999976e+01
1.021852930000000015e+01
1.021852930000000015e+01
1.037543570000000059e+01
1.035582240000000098e+01
1.039504900000000021e+01
1.039504900000000021e+01
1.027736920000000076e+01
1.025775589999999937e+01
1.035582240000000098e+01
1.041466229999999982e+01
1.039504900000000021e+01
1.043427559999999943e+01
1.041466229999999982e+01
1.021852930000000015e+01
1.031659579999999998e+01
1.023814259999999976e+01
1.027736920000000076e+01
1.035582240000000098e+01
1.039504900000000021e+01
1.037543570000000059e+01
1.027736920000000076e+01
1.035582240000000098e+01
1.027736920000000076e+01
1.033620909999999959e+01
1.029698250000000037e+01
1.031659579999999998e+01
1.039504900000000021e+01
1.041466229999999982e+01
1.037543570000000059e+01
1.023814259999999976e+01
1.021852930000000015e+01
1.023814259999999976e+01
1.041466229999999982e+01
1.049311550000000004e+01
1.041466229999999982e+01
1.025775589999999937e+01
1.017930270000000093e+01
1.033620909999999959e+01
1.025775589999999937e+01
1.037543570000000059e+01
1.035582240000000098e+01
1.031659579999999998e+01
1.017930270000000093e+01
1.017930270000000093e+01
1.031659579999999998e+01
1.031659579999999998e+01
1.025775589999999937e+01
1.019891600000000054e+01
1.025775589999999937e+01
1.029698250000000037e+01
1.027736920000000076e+01
1.023814259999999976e+01
1.027736920000000076e+01
1.039504900000000021e+01
1.039504900000000021e+01
1.027736920000000076e+01
1.021852930000000015e+01
1.023814259999999976e+01
1.027736920000000076e+01
1.045388890000000082e+01
1.043427559999999943e+01
1.033620909999999959e+01
1.021852930000000015e+01
1.031659579999999998e+01
1.025775589999999937e+01
1.029698250000000037e+01
1.033620909999999959e+01
1.031659579999999998e+01
1.035582240000000098e+01
1.035582240000000098e+01
1.037543570000000059e+01
1.041466229999999982e+01
1.017930270000000093e+01
1.021852930000000015e+01
1.025775589999999937e+01
1.045388890000000082e+01
1.033620909999999959e+01
1.025775589999999937e+01
1.033620909999999959e+01
1.043427559999999943e+01
1.045388890000000082e+01
1.049311550000000004e+01
1.047350220000000043e+01
1.031659579999999998e+01
1.037543570000000059e+01
1.023814259999999976e+01
1.031659579999999998e+01
1.019891600000000054e+01
1.021852930000000015e+01
1.031659579999999998e+01
1.027736920000000076e+01
1.027736920000000076e+01
1.031659579999999998e+01
1.029698250000000037e+01
1.021852930000000015e+01
1.019891600000000054e+01
1.041466229999999982e+01
1.031659579999999998e+01
1.014007609999999993e+01
1.031659579999999998e+01
1.047350220000000043e+01
1.023814259999999976e+01
1.043427559999999943e+01
1.041466229999999982e+01
1.029698250000000037e+01
1.035582240000000098e+01
1.037543570000000059e+01
1.031659579999999998e+01
1.033620909999999959e+01
1.029698250000000037e+01
1.023814259999999976e+01
1.029698250000000037e+01
1.041466229999999982e+01
1.033620909999999959e+01
1.019891600000000054e+01
1.029698250000000037e+01
1.037543570000000059e+01
1.035582240000000098e+01
1.031659579999999998e+01
1.037543570000000059e+01
1.035582240000000098e+01
1.039504900000000021e+01
1.037543570000000059e+01
1.027736920000000076e+01
1.027736920000000076e+01
1.033620909999999959e+01
1.039504900000000021e+01
1.037543570000000059e+01
1.053234209999999926e+01
1.037543570000000059e+01
1.041466229999999982e+01
9.983169699999999480e+00
1.002239630000000048e+01
1.039504900000000021e+01
9.943943100000000257e+00
9.983169699999999480e+00
9.865489900000000034e+00
1.078731499999999954e+01
1.135610070000000071e+01
1.098344799999999921e+01
1.129726080000000010e+01
9.826263300000000811e+00
1.002239630000000048e+01
1.033620909999999959e+01
1.010084950000000070e+01
1.006162289999999970e+01
9.453610599999999309e+00
9.159411099999999806e+00
1.090499480000000077e+01
9.943943100000000257e+00
1.010084950000000070e+01
1.008123619999999931e+01
9.924329800000000645e+00
9.943943100000000257e+00
1.159146029999999961e+01
1.047350220000000043e+01
1.025775589999999937e+01
9.649743600000000754e+00
1.035582240000000098e+01
1.041466229999999982e+01
1.023814259999999976e+01
1.129726080000000010e+01
9.826263300000000811e+00
1.002239630000000048e+01
9.865489900000000034e+00
1.045388890000000082e+01
1.125803420000000088e+01
1.027736920000000076e+01
1.033620909999999959e+01
9.492837200000000308e+00
9.433997299999999697e+00
9.590903700000000143e+00
9.590903700000000143e+00
1.017930270000000093e+01
9.865489900000000034e+00
1.055195540000000065e+01
1.027736920000000076e+01
1.166991349999999983e+01
1.143455390000000094e+01
1.043427559999999943e+01
1.063040860000000087e+01
1.061079529999999949e+01
1.010084950000000070e+01
1.127764750000000049e+01
9.806649999999999423e+00
9.904716499999999257e+00
1.057156870000000026e+01
1.029698250000000037e+01
1.035582240000000098e+01
1.033620909999999959e+01
1.033620909999999959e+01
1.035582240000000098e+01
1.039504900000000021e+01
1.023814259999999976e+01
1.037543570000000059e+01
1.045388890000000082e+01
1.031659579999999998e+01
1.031659579999999998e+01
1.025775589999999937e+01
1.033620909999999959e+01
1.037543570000000059e+01
1.031659579999999998e+01
1.027736920000000076e+01
1.041466229999999982e+01
1.027736920000000076e+01
1.031659579999999998e+01
1.025775589999999937e+01
1.041466229999999982e+01
1.037543570000000059e+01
1.029698250000000037e+01
1.023814259999999976e+01
1.031659579999999998e+01
1.021852930000000015e+01
1.037543570000000059e+01
1.041466229999999982e+01
1.037543570000000059e+01
1.029698250000000037e+01
1.031659579999999998e+01
1.039504900000000021e+01
1.017930270000000093e+01
1.033620909999999959e+01
1.037543570000000059e+01
1.029698250000000037e+01
1.031659579999999998e+01
1.037543570000000059e+01
1.037543570000000059e+01
1.041466229999999982e+01
1.025775589999999937e+01
1.037543570000000059e+01
1.037543570000000059e+01
1.043427559999999943e+01
1.025775589999999937e+01
1.019891600000000054e+01
1.015968939999999954e+01
1.021852930000000015e+01
1.031659579999999998e+01
1.047350220000000043e+01
1.035582240000000098e+01
1.029698250000000037e+01
9.532063799999999532e+00
9.806649999999999423e+00
1.102267460000000021e+01
1.035582240000000098e+01
1.043427559999999943e+01
1.012046280000000031e+01
1.017930270000000093e+01
1.068924849999999971e+01
1.053234209999999926e+01
1.041466229999999982e+01
1.035582240000000098e+01
1.041466229999999982e+01
1.021852930000000015e+01
1.045388890000000082e+01
1.051272879999999965e+01
1.035582240000000098e+01
1.014007609999999993e+01
1.027736920000000076e+01
1.041466229999999982e+01
1.033620909999999959e+01
1.037543570000000059e+01
1.065002190000000049e+01
1.078731499999999954e+01
1.043427559999999943e+01
1.025775589999999937e+01
1.017930270000000093e+01
1.023814259999999976e+01
1.023814259999999976e+01
1.008123619999999931e+01
1.006162289999999970e+01
1.006162289999999970e+01
1.031659579999999998e+01
1.043427559999999943e+01
1.045388890000000082e+01
1.063040860000000087e+01
1.059118199999999987e+01
1.031659579999999998e+01
1.031659579999999998e+01
1.017930270000000093e+01
1.021852930000000015e+01
1.019891600000000054e+01
1.037543570000000059e+01
1.031659579999999998e+01
1.027736920000000076e+01
1.049311550000000004e+01
1.049311550000000004e+01
1.043427559999999943e+01
1.041466229999999982e+01
1.029698250000000037e+01
1.017930270000000093e+01
1.031659579999999998e+01
1.025775589999999937e+01
1.023814259999999976e+01
1.023814259999999976e+01
1.041466229999999982e+01
1.053234209999999926e+01
1.049311550000000004e+01
1.039504900000000021e+01
1.035582240000000098e+01
1.039504900000000021e+01
1.041466229999999982e+01
1.033620909999999959e+01
1.019891600000000054e+01
1.017930270000000093e+01
1.033620909999999959e+01
1.027736920000000076e+01
1.029698250000000037e+01
1.047350220000000043e+01
1.037543570000000059e+01
1.037543570000000059e+01
1.039504900000000021e+01
1.017930270000000093e+01
1.039504900000000021e+01
1.041466229999999982e+01
1.031659579999999998e+01
1.023814259999999976e+01
1.037543570000000059e+01
1.039504900000000021e+01
1.029698250000000037e+01
1.043427559999999943e+01
1.031659579999999998e+01
1.041466229999999982e+01
1.017930270000000093e+01
1.033620909999999959e+01
1.019891600000000054e+01
1.015968939999999954e+01
1.039504900000000021e+01
1.027736920000000076e+01
1.037543570000000059e+01
1.041466229999999982e+01
1.045388890000000082e+01
1.049311550000000004e+01
1.045388890000000082e+01
1.023814259999999976e+01
1.021852930000000015e+01
1.025775589999999937e+01
1.033620909999999959e+01
1.035582240000000098e+01
1.033620909999999959e+01
1.045388890000000082e+01
1.039504900000000021e+01
1.051272879999999965e+01
1.015968939999999954e+01
1.021852930000000015e+01
1.037543570000000059e+01
1.025775589999999937e+01
1.037543570000000059e+01
1.029698250000000037e+01
1.029698250000000037e+01
1.031659579999999998e+01
1.029698250000000037e+01
1.035582240000000098e+01
1.031659579999999998e+01
1.029698250000000037e+01
1.049311550000000004e+01
1.037543570000000059e+01
1.031659579999999998e+01
1.037543570000000059e+01
1.039504900000000021e+01
1.035582240000000098e+01
1.019891600000000054e+01
1.023814259999999976e+01
1.023814259999999976e+01
1.029698250000000037e+01
1.029698250000000037e+01
1.041466229999999982e+01
1.041466229999999982e+01
1.031659579999999998e+01
1.037543570000000059e+01
1.037543570000000059e+01
1.045388890000000082e+01
1.039504900000000021e+01
1.033620909999999959e+01
1.031659579999999998e+01
1.031659579999999998e+01
1.031659579999999998e+01
1.031659579999999998e+01
1.035582240000000098e+01
1.031659579999999998e+01
1.033620909999999959e+01
1.019891600000000054e+01
1.023814259999999976e+01
1.039504900000000021e+01
1.035582240000000098e+01
1.035582240000000098e+01
1.049311550000000004e+01
1.041466229999999982e+01
1.033620909999999959e+01
1.019891600000000054e+01
1.029698250000000037e+01
1.047350220000000043e+01
1.070886179999999932e+01
1.059118199999999987e+01
1.037543570000000059e+01
1.027736920000000076e+01
1.037543570000000059e+01
1.051272879999999965e+01
1.049311550000000004e+01
1.039504900000000021e+01
1.021852930000000015e+01
1.023814259999999976e+01
1.021852930000000015e+01
1.023814259999999976e+01
1.027736920000000076e+01
1.021852930000000015e+01
1.010084950000000070e+01
1.019891600000000054e+01
1.029698250000000037e+01
1.039504900000000021e+01
1.037543570000000059e+01
1.045388890000000082e+01
1.039504900000000021e+01
1.033620909999999959e+01
1.029698250000000037e+01
1.033620909999999959e+01
1.029698250000000037e+01
1.031659579999999998e+01
1.025775589999999937e+01
1.027736920000000076e+01
1.031659579999999998e+01
1.043427559999999943e+01
1.041466229999999982e+01
1.014007609999999993e+01
1.010084950000000070e+01
1.029698250000000037e+01
1.031659579999999998e+01
1.045388890000000082e+01
1.051272879999999965e+01
1.037543570000000059e+01
1.027736920000000076e+01
1.025775589999999937e+01
1.021852930000000015e+01
1.027736920000000076e+01
1.033620909999999959e+01
1.051272879999999965e+01
1.051272879999999965e+01
1.023814259999999976e+01
1.029698250000000037e+01
1.031659579999999998e+01
1.025775589999999937e+01
1.037543570000000059e+01
1.041466229999999982e+01
1.029698250000000037e+01
1.027736920000000076e+01
1.023814259999999976e+01
1.023814259999999976e+01
1.023814259999999976e+01
1.039504900000000021e+01
1.045388890000000082e+01
1.047350220000000043e+01
1.051272879999999965e+01
1.049311550000000004e+01
1.037543570000000059e+01
1.031659579999999998e+01
1.037543570000000059e+01
1.053234209999999926e+01
1.045388890000000082e+01
1.033620909999999959e+01
1.031659579999999998e+01
1.035582240000000098e+01
1.033620909999999959e+01
1.029698250000000037e+01
1.031659579999999998e+01
1.029698250000000037e+01
1.031659579999999998e+01
1.033620909999999959e+01
1.029698250000000037e+01
1.031659579999999998e+01
1.015968939999999954e+01
1.014007609999999993e+01
1.023814259999999976e+01
1.021852930000000015e+01
1.029698250000000037e+01
1.037543570000000059e+01
1.025775589999999937e+01
1.021852930000000015e+01
1.029698250000000037e+01
1.041466229999999982e+01
1.055195540000000065e+01
1.049311550000000004e+01
1.039504900000000021e+01
1.043427559999999943e+01
1.059118199999999987e+01
1.049311550000000004e+01
1.039504900000000021e+01
1.043427559999999943e+01
1.035582240000000098e+01
1.035582240000000098e+01
1.029698250000000037e+01
1.047350220000000043e+01
1.037543570000000059e+01
1.031659579999999998e+01
1.023814259999999976e+01
1.031659579999999998e+01
1.035582240000000098e+01
1.027736920000000076e+01
1.033620909999999959e+01
1.035582240000000098e+01
1.039504900000000021e+01
1.035582240000000098e+01
1.031659579999999998e+01
1.045388890000000082e+01
1.043427559999999943e+01
1.023814259999999976e+01
1.047350220000000043e+01
1.033620909999999959e+01
1.027736920000000076e+01
1.039504900000000021e+01
1.057156870000000026e+01
1.039504900000000021e+01
1.031659579999999998e+01
1.053234209999999926e+01
1.055195540000000065e+01
1.041466229999999982e+01
1.053234209999999926e+01
1.023814259999999976e+01
1.029698250000000037e+01
1.043427559999999943e+01
1.051272879999999965e+01
1.043427559999999943e+01
1.039504900000000021e+01
1.043427559999999943e+01
1.023814259999999976e+01
1.025775589999999937e+01
1.059118199999999987e+01
1.072847510000000071e+01
1.031659579999999998e+01
1.025775589999999937e+01
1.027736920000000076e+01
1.041466229999999982e+01
1.039504900000000021e+01
1.041466229999999982e+01
1.027736920000000076e+01
1.019891600000000054e+01
1.037543570000000059e+01
1.039504900000000021e+01
1.035582240000000098e+01
1.037543570000000059e+01
1.029698250000000037e+01
1.031659579999999998e+01
1.035582240000000098e+01
1.039504900000000021e+01
1.035582240000000098e+01
1.010084950000000070e+01
1.017930270000000093e+01
1.039504900000000021e+01
1.029698250000000037e+01
1.017930270000000093e+01
1.014007609999999993e+01
1.021852930000000015e+01
1.025775589999999937e+01
1.029698250000000037e+01
1.031659579999999998e+01
1.029698250000000037e+01
1.006162289999999970e+01
1.012046280000000031e+01
1.015968939999999954e+01
1.029698250000000037e+01
1.025775589999999937e+01
1.033620909999999959e+01
1.031659579999999998e+01
1.035582240000000098e+01
1.031659579999999998e+01
1.041466229999999982e+01
1.051272879999999965e+01
1.023814259999999976e+01
1.025775589999999937e+01
1.035582240000000098e+01
1.033620909999999959e+01
1.055195540000000065e+01
1.049311550000000004e+01
1.015968939999999954e+01
1.021852930000000015e+01
1.023814259999999976e+01
1.029698250000000037e+01
1.035582240000000098e+01
1.027736920000000076e+01
1.010084950000000070e+01
1.017930270000000093e+01
1.029698250000000037e+01
1.021852930000000015e+01
1.006162289999999970e+01
1.019891600000000054e+01
1.017930270000000093e+01
1.023814259999999976e+01
1.012046280000000031e+01
9.943943100000000257e+00
9.845876600000000423e+00
9.963556399999999869e+00
1.031659579999999998e+01
1.053234209999999926e+01
1.029698250000000037e+01
1.006162289999999970e+01
1.004200960000000009e+01
9.885103199999999646e+00
1.008123619999999931e+01
1.039504900000000021e+01
1.025775589999999937e+01
1.027736920000000076e+01
1.010084950000000070e+01
1.027736920000000076e+01
1.029698250000000037e+01
1.012046280000000031e+01
1.010084950000000070e+01
1.041466229999999982e+01
1.015968939999999954e+01
1.033620909999999959e+01
1.037543570000000059e+01
1.033620909999999959e+01
1.031659579999999998e+01
1.035582240000000098e+01
1.014007609999999993e+01
1.023814259999999976e+01
1.037543570000000059e+01
1.033620909999999959e+01
1.023814259999999976e+01
1.033620909999999959e+01
1.033620909999999959e+01
1.019891600000000054e+01
1.023814259999999976e+01
1.021852930000000015e+01
1.029698250000000037e+01
1.031659579999999998e+01
1.039504900000000021e+01
1.035582240000000098e+01
1.010084950000000070e+01
1.015968939999999954e+01
1.023814259999999976e+01
1.037543570000000059e+01
1.037543570000000059e+01
1.033620909999999959e+01
1.027736920000000076e+01
1.033620909999999959e+01
1.039504900000000021e+01
1.027736920000000076e+01
1.021852930000000015e+01
1.014007609999999993e+01
1.037543570000000059e+01
1.023814259999999976e+01
1.017930270000000093e+01
1.029698250000000037e+01
1.035582240000000098e+01
1.039504900000000021e+01
1.031659579999999998e+01
1.033620909999999959e+01
1.015968939999999954e+01
1.000278300000000087e+01
1.010084950000000070e+01
1.033620909999999959e+01
1.029698250000000037e+01
1.025775589999999937e+01
1.017930270000000093e+01
1.008123619999999931e+01
1.010084950000000070e+01
1.045388890000000082e+01
1.049311550000000004e+01
1.029698250000000037e+01
1.041466229999999982e+01
1.014007609999999993e+01
1.008123619999999931e+01
1.027736920000000076e+01
1.012046280000000031e+01
1.027736920000000076e+01
1.035582240000000098e+01
1.035582240000000098e+01
1.027736920000000076e+01
1.012046280000000031e+01
1.000278300000000087e+01
1.029698250000000037e+01
1.045388890000000082e+01
1.043427559999999943e+01
1.017930270000000093e+01
1.027736920000000076e+01
1.031659579999999998e+01
1.017930270000000093e+01
1.015968939999999954e+01
1.010084950000000070e+01
1.021852930000000015e+01
1.010084950000000070e+01
1.029698250000000037e+01
1.017930270000000093e+01
9.983169699999999480e+00
1.025775589999999937e+01
1.015968939999999954e+01
1.008123619999999931e+01
1.008123619999999931e+01
1.041466229999999982e+01
1.025775589999999937e+01
1.010084950000000070e+01
1.008123619999999931e+01
1.012046280000000031e+01
1.023814259999999976e+01
1.021852930000000015e+01
1.010084950000000070e+01
9.924329800000000645e+00
9.963556399999999869e+00
1.008123619999999931e+01
1.025775589999999937e+01
1.012046280000000031e+01
1.019891600000000054e+01
1.023814259999999976e+01
1.010084950000000070e+01
1.002239630000000048e+01
1.021852930000000015e+01
1.006162289999999970e+01
1.004200960000000009e+01
9.885103199999999646e+00
9.943943100000000257e+00
1.021852930000000015e+01
1.023814259999999976e+01
1.010084950000000070e+01
1.015968939999999954e+01
1.002239630000000048e+01
9.904716499999999257e+00
1.015968939999999954e+01
1.025775589999999937e+01
1.031659579999999998e+01
1.023814259999999976e+01
9.787036699999999811e+00
9.924329800000000645e+00
1.017930270000000093e+01
1.012046280000000031e+01
1.006162289999999970e+01
1.004200960000000009e+01
9.885103199999999646e+00
9.787036699999999811e+00
9.943943100000000257e+00
1.010084950000000070e+01
1.010084950000000070e+01
9.963556399999999869e+00
9.787036699999999811e+00
1.000278300000000087e+01
1.015968939999999954e+01
1.017930270000000093e+01
1.002239630000000048e+01
9.963556399999999869e+00
9.806649999999999423e+00
9.845876600000000423e+00
1.015968939999999954e+01
1.012046280000000031e+01
9.943943100000000257e+00
9.924329800000000645e+00
9.826263300000000811e+00
9.983169699999999480e+00
1.014007609999999993e+01
9.943943100000000257e+00
1.000278300000000087e+01
1.010084950000000070e+01
1.002239630000000048e+01
9.904716499999999257e+00
1.010084950000000070e+01
1.008123619999999931e+01
9.983169699999999480e+00
1.002239630000000048e+01
9.983169699999999480e+00
1.010084950000000070e+01
1.015968939999999954e+01
1.004200960000000009e+01
1.006162289999999970e+01
1.004200960000000009e+01
1.015968939999999954e+01
1.012046280000000031e+01
1.019891600000000054e+01
1.008123619999999931e+01
1.006162289999999970e+01
1.002239630000000048e+01
1.004200960000000009e+01
1.004200960000000009e+01
1.008123619999999931e+01
1.004200960000000009e+01
1.008123619999999931e+01
1.014007609999999993e+01
1.017930270000000093e+01
1.006162289999999970e+01
1.002239630000000048e+01
1.014007609999999993e+01
1.012046280000000031e+01
1.014007609999999993e+01
1.023814259999999976e+01
1.012046280000000031e+01
1.014007609999999993e+01
1.014007609999999993e+01
1.014007609999999993e+01
1.014007609999999993e+01
1.012046280000000031e+01
1.015968939999999954e+01
1.002239630000000048e+01
1.006162289999999970e+01
1.008123619999999931e+01
1.014007609999999993e+01
1.008123619999999931e+01
1.014007609999999993e+01
1.008123619999999931e+01
1.012046280000000031e+01
1.006162289999999970e+01
1.008123619999999931e+01
1.002239630000000048e+01
1.023814259999999976e+01
1.008123619999999931e+01
1.006162289999999970e+01
1.002239630000000048e+01
9.963556399999999869e+00
1.015968939999999954e+01
1.014007609999999993e+01
1.025775589999999937e+01
1.027736920000000076e+01
9.983169699999999480e+00
1.004200960000000009e+01
1.023814259999999976e+01
1.014007609999999993e+01
1.006162289999999970e+01
1.006162289999999970e+01
1.004200960000000009e+01
1.029698250000000037e+01
1.029698250000000037e+01
9.728196799999999200e+00
9.767423400000000200e+00
9.943943100000000257e+00
1.006162289999999970e+01
1.017930270000000093e+01
1.029698250000000037e+01
9.610516999999999754e+00
9.649743600000000754e+00
1.014007609999999993e+01
1.033620909999999959e+01
9.924329800000000645e+00
9.610516999999999754e+00
9.708583499999999589e+00
9.767423400000000200e+00
9.885103199999999646e+00
9.826263300000000811e+00
9.630130299999999366e+00
9.747810100000000588e+00
9.963556399999999869e+00
1.002239630000000048e+01
9.747810100000000588e+00
9.532063799999999532e+00
9.787036699999999811e+00
9.983169699999999480e+00
1.006162289999999970e+01
9.787036699999999811e+00
9.688970199999999977e+00
9.728196799999999200e+00
9.963556399999999869e+00
9.983169699999999480e+00
9.826263300000000811e+00
9.688970199999999977e+00
9.845876600000000423e+00
9.983169699999999480e+00
9.806649999999999423e+00
9.767423400000000200e+00
9.845876600000000423e+00
9.669356900000000365e+00
9.943943100000000257e+00
1.000278300000000087e+01
1.023814259999999976e+01
1.004200960000000009e+01
9.630130299999999366e+00
9.787036699999999811e+00
1.010084950000000070e+01
1.047350220000000043e+01
1.015968939999999954e+01
9.806649999999999423e+00
9.885103199999999646e+00
1.004200960000000009e+01
1.021852930000000015e+01
1.043427559999999943e+01
1.002239630000000048e+01
9.865489900000000034e+00
9.904716499999999257e+00
1.014007609999999993e+01
1.043427559999999943e+01
1.033620909999999959e+01
1.006162289999999970e+01
9.963556399999999869e+00
1.027736920000000076e+01
1.041466229999999982e+01
1.014007609999999993e+01
1.006162289999999970e+01
1.017930270000000093e+01
1.019891600000000054e+01
1.045388890000000082e+01
1.043427559999999943e+01
1.031659579999999998e+01
9.845876600000000423e+00
1.017930270000000093e+01
1.033620909999999959e+01
1.045388890000000082e+01
1.006162289999999970e+01
9.983169699999999480e+00
9.983169699999999480e+00
1.031659579999999998e+01
1.053234209999999926e+01
1.027736920000000076e+01
9.904716499999999257e+00
9.904716499999999257e+00
1.035582240000000098e+01
1.051272879999999965e+01
1.027736920000000076e+01
9.787036699999999811e+00
1.006162289999999970e+01
1.023814259999999976e+01
1.033620909999999959e+01
1.017930270000000093e+01
1.002239630000000048e+01
1.017930270000000093e+01
1.031659579999999998e+01
1.047350220000000043e+01
9.943943100000000257e+00
9.904716499999999257e+00
1.017930270000000093e+01
1.051272879999999965e+01
1.017930270000000093e+01
9.924329800000000645e+00
1.008123619999999931e+01
1.027736920000000076e+01
1.019891600000000054e+01
9.845876600000000423e+00
9.767423400000000200e+00
9.983169699999999480e+00
1.029698250000000037e+01
1.006162289999999970e+01
9.688970199999999977e+00
9.963556399999999869e+00
1.010084950000000070e+01
9.963556399999999869e+00
9.885103199999999646e+00
9.885103199999999646e+00
1.000278300000000087e+01
1.025775589999999937e+01
1.041466229999999982e+01
9.983169699999999480e+00
9.904716499999999257e+00
1.006162289999999970e+01
1.033620909999999959e+01
1.021852930000000015e+01
9.983169699999999480e+00
9.924329800000000645e+00
1.014007609999999993e+01
1.015968939999999954e+01
1.017930270000000093e+01
9.943943100000000257e+00
9.747810100000000588e+00
9.787036699999999811e+00
1.027736920000000076e+01
1.023814259999999976e+01
1.008123619999999931e+01
9.767423400000000200e+00
9.767423400000000200e+00
9.885103199999999646e+00
9.904716499999999257e+00
1.015968939999999954e+01
1.037543570000000059e+01
1.008123619999999931e+01
9.845876600000000423e+00
9.826263300000000811e+00
1.012046280000000031e+01
1.015968939999999954e+01
1.002239630000000048e+01
9.865489900000000034e+00
9.963556399999999869e+00
1.031659579999999998e+01
1.014007609999999993e+01
9.983169699999999480e+00
9.845876600000000423e+00
1.008123619999999931e+01
1.031659579999999998e+01
1.006162289999999970e+01
9.728196799999999200e+00
9.943943100000000257e+00
1.014007609999999993e+01
1.017930270000000093e+01
1.015968939999999954e+01
1.004200960000000009e+01
9.865489900000000034e+00
1.015968939999999954e+01
1.012046280000000031e+01
1.010084950000000070e+01
1.017930270000000093e+01
1.019891600000000054e+01
1.010084950000000070e+01
1.025775589999999937e+01
1.014007609999999993e+01
1.002239630000000048e+01
1.002239630000000048e+01
1.014007609999999993e+01
1.041466229999999982e+01
1.027736920000000076e+01
1.004200960000000009e+01
9.767423400000000200e+00
1.008123619999999931e+01
1.035582240000000098e+01
1.035582240000000098e+01
1.000278300000000087e+01
9.747810100000000588e+00
9.924329800000000645e+00
1.033620909999999959e+01
1.053234209999999926e+01
9.943943100000000257e+00
9.590903700000000143e+00
9.885103199999999646e+00
1.010084950000000070e+01
1.039504900000000021e+01
1.031659579999999998e+01
9.885103199999999646e+00
9.787036699999999811e+00
9.983169699999999480e+00
1.027736920000000076e+01
1.021852930000000015e+01
1.008123619999999931e+01
1.014007609999999993e+01
1.000278300000000087e+01
9.904716499999999257e+00
1.012046280000000031e+01
1.014007609999999993e+01
1.010084950000000070e+01
1.014007609999999993e+01
1.008123619999999931e+01
9.963556399999999869e+00
9.865489900000000034e+00
9.845876600000000423e+00
1.015968939999999954e+01
1.043427559999999943e+01
1.029698250000000037e+01
9.845876600000000423e+00
9.669356900000000365e+00
1.002239630000000048e+01
1.041466229999999982e+01
1.035582240000000098e+01
9.983169699999999480e+00
9.806649999999999423e+00
9.904716499999999257e+00
1.025775589999999937e+01
1.021852930000000015e+01
1.014007609999999993e+01
1.008123619999999931e+01
1.002239630000000048e+01
1.019891600000000054e+01
1.010084950000000070e+01
1.031659579999999998e+01
1.033620909999999959e+01
1.010084950000000070e+01
9.845876600000000423e+00
1.023814259999999976e+01
1.043427559999999943e+01
1.039504900000000021e+01
1.012046280000000031e+01
1.025775589999999937e+01
1.029698250000000037e+01
1.029698250000000037e+01
1.019891600000000054e+01
1.041466229999999982e+01
1.019891600000000054e+01
9.845876600000000423e+00
1.004200960000000009e+01
1.025775589999999937e+01
1.033620909999999959e+01
1.025775589999999937e+01
1.023814259999999976e+01
1.025775589999999937e+01
1.021852930000000015e+01
1.029698250000000037e+01
1.035582240000000098e+01
1.019891600000000054e+01
1.015968939999999954e+01
1.008123619999999931e+01
1.033620909999999959e+01
1.035582240000000098e+01
1.023814259999999976e+01
1.027736920000000076e+01
1.019891600000000054e+01
1.017930270000000093e+01
1.025775589999999937e+01
1.017930270000000093e+01
1.008123619999999931e+01
1.006162289999999970e+01
1.006162289999999970e+01
9.865489900000000034e+00
1.008123619999999931e+01
1.004200960000000009e+01
1.004200960000000009e+01
1.008123619999999931e+01
1.010084950000000070e+01
9.924329800000000645e+00
1.004200960000000009e+01
1.002239630000000048e+01
1.006162289999999970e+01
1.000278300000000087e+01
1.004200960000000009e+01
1.017930270000000093e+01
1.006162289999999970e+01
1.008123619999999931e+01
1.017930270000000093e+01
1.017930270000000093e+01
1.014007609999999993e+01
1.023814259999999976e+01
1.012046280000000031e+01
1.004200960000000009e+01
1.017930270000000093e+01
1.017930270000000093e+01
1.019891600000000054e+01
1.008123619999999931e+01
1.006162289999999970e+01
1.017930270000000093e+01
1.015968939999999954e+01
1.008123619999999931e+01
1.002239630000000048e+01
1.006162289999999970e+01
1.010084950000000070e+01
1.017930270000000093e+01
1.004200960000000009e+01
1.006162289999999970e+01
1.000278300000000087e+01
1.004200960000000009e+01
1.012046280000000031e+01
1.014007609999999993e+01
1.010084950000000070e+01
1.006162289999999970e+01
1.002239630000000048e+01
1.021852930000000015e+01
1.019891600000000054e+01
1.017930270000000093e+01
1.012046280000000031e+01
1.002239630000000048e+01
1.008123619999999931e+01
1.015968939999999954e+01
1.015968939999999954e+01
1.010084950000000070e+01
1.015968939999999954e+01
1.008123619999999931e+01
1.006162289999999970e+01
1.004200960000000009e+01
1.019891600000000054e+01
1.014007609999999993e+01
1.004200960000000009e+01
1.021852930000000015e+01
1.002239630000000048e+01
9.963556399999999869e+00
9.924329800000000645e+00
1.012046280000000031e+01
1.012046280000000031e+01
1.019891600000000054e+01
1.047350220000000043e+01
9.943943100000000257e+00
1.017930270000000093e+01
1.008123619999999931e+01
1.055195540000000065e+01
9.845876600000000423e+00
1.039504900000000021e+01
1.000278300000000087e+01
9.983169699999999480e+00
1.027736920000000076e+01
1.037543570000000059e+01
1.010084950000000070e+01
9.885103199999999646e+00
1.017930270000000093e+01
1.017930270000000093e+01
1.014007609999999993e+01
1.037543570000000059e+01
1.035582240000000098e+01
1.053234209999999926e+01
1.015968939999999954e+01
1.094422139999999999e+01
1.037543570000000059e+01
9.826263300000000811e+00
1.039504900000000021e+01
9.335930799999999863e+00
1.106190119999999943e+01
1.008123619999999931e+01
1.002239630000000048e+01
1.035582240000000098e+01
9.963556399999999869e+00
9.963556399999999869e+00
1.021852930000000015e+01
1.000278300000000087e+01
1.015968939999999954e+01
1.055195540000000065e+01
9.806649999999999423e+00
9.826263300000000811e+00
1.084615490000000015e+01
1.066963520000000010e+01
1.139532729999999994e+01
9.767423400000000200e+00
9.826263300000000811e+00
1.076770169999999993e+01
1.055195540000000065e+01
1.076770169999999993e+01
9.218251000000000417e+00
1.066963520000000010e+01
1.063040860000000087e+01
1.049311550000000004e+01
1.041466229999999982e+01
1.021852930000000015e+01
9.296704200000000640e+00
1.002239630000000048e+01
1.012046280000000031e+01
9.826263300000000811e+00
1.084615490000000015e+01
1.131687409999999971e+01
1.043427559999999943e+01
1.049311550000000004e+01
9.473223900000000697e+00
1.053234209999999926e+01
1.066963520000000010e+01
1.039504900000000021e+01
1.021852930000000015e+01
1.021852930000000015e+01
9.669356900000000365e+00
9.688970199999999977e+00
1.004200960000000009e+01
9.767423400000000200e+00
9.512450499999999920e+00
9.375157400000000862e+00
9.179024399999999417e+00
1.023814259999999976e+01
1.023814259999999976e+01
9.787036699999999811e+00
9.885103199999999646e+00
9.943943100000000257e+00
9.845876600000000423e+00
9.885103199999999646e+00
9.963556399999999869e+00
1.002239630000000048e+01
1.006162289999999970e+01
9.806649999999999423e+00
9.610516999999999754e+00
9.845876600000000423e+00
1.025775589999999937e+01
9.983169699999999480e+00
9.630130299999999366e+00
9.826263300000000811e+00
1.021852930000000015e+01
1.006162289999999970e+01
9.904716499999999257e+00
1.012046280000000031e+01
1.021852930000000015e+01
1.010084950000000070e+01
9.983169699999999480e+00
9.845876600000000423e+00
9.963556399999999869e+00
1.021852930000000015e+01
1.045388890000000082e+01
1.017930270000000093e+01
9.904716499999999257e+00
1.006162289999999970e+01
1.035582240000000098e+01
1.015968939999999954e+01
9.728196799999999200e+00
9.806649999999999423e+00
1.021852930000000015e+01
1.035582240000000098e+01
1.015968939999999954e+01
9.983169699999999480e+00
9.943943100000000257e+00
1.012046280000000031e+01
1.025775589999999937e+01
1.004200960000000009e+01
9.983169699999999480e+00
1.010084950000000070e+01
1.039504900000000021e+01
1.010084950000000070e+01
9.747810100000000588e+00
1.004200960000000009e+01
1.041466229999999982e+01
1.031659579999999998e+01
9.963556399999999869e+00
9.963556399999999869e+00
1.008123619999999931e+01
1.033620909999999959e+01
1.027736920000000076e+01
1.017930270000000093e+01
1.010084950000000070e+01
1.008123619999999931e+01
1.012046280000000031e+01
9.943943100000000257e+00
1.002239630000000048e+01
1.023814259999999976e+01
1.031659579999999998e+01
1.017930270000000093e+01
1.004200960000000009e+01
1.021852930000000015e+01
1.012046280000000031e+01
1.004200960000000009e+01
9.885103199999999646e+00
1.002239630000000048e+01
1.025775589999999937e+01
1.015968939999999954e+01
9.904716499999999257e+00
9.983169699999999480e+00
1.014007609999999993e+01
1.021852930000000015e+01
1.002239630000000048e+01
9.865489900000000034e+00
1.017930270000000093e+01
1.033620909999999959e+01
1.012046280000000031e+01
9.806649999999999423e+00
1.000278300000000087e+01
1.041466229999999982e+01
1.035582240000000098e+01
1.000278300000000087e+01
9.806649999999999423e+00
9.885103199999999646e+00
1.019891600000000054e+01
1.027736920000000076e+01
1.015968939999999954e+01
1.029698250000000037e+01
1.015968939999999954e+01
9.865489900000000034e+00
9.787036699999999811e+00
1.017930270000000093e+01
1.043427559999999943e+01
1.021852930000000015e+01
9.669356900000000365e+00
9.747810100000000588e+00
1.002239630000000048e+01
1.012046280000000031e+01
1.012046280000000031e+01
9.943943100000000257e+00
9.806649999999999423e+00
1.015968939999999954e+01
1.025775589999999937e+01
9.924329800000000645e+00
9.787036699999999811e+00
1.012046280000000031e+01
1.023814259999999976e+01
9.963556399999999869e+00
9.747810100000000588e+00
1.014007609999999993e+01
1.025775589999999937e+01
9.885103199999999646e+00
9.885103199999999646e+00
9.943943100000000257e+00
1.002239630000000048e+01
1.008123619999999931e+01
1.017930270000000093e+01
1.004200960000000009e+01
9.767423400000000200e+00
9.983169699999999480e+00
1.000278300000000087e+01
9.983169699999999480e+00
1.006162289999999970e+01
1.029698250000000037e+01
1.025775589999999937e+01
9.924329800000000645e+00
1.006162289999999970e+01
9.983169699999999480e+00
9.708583499999999589e+00
9.787036699999999811e+00
1.043427559999999943e+01
1.049311550000000004e+01
9.943943100000000257e+00
9.865489900000000034e+00
9.787036699999999811e+00
1.010084950000000070e+01
1.031659579999999998e+01
1.039504900000000021e+01
1.000278300000000087e+01
9.708583499999999589e+00
1.008123619999999931e+01
1.051272879999999965e+01
1.010084950000000070e+01
1.002239630000000048e+01
9.865489900000000034e+00
9.885103199999999646e+00
9.963556399999999869e+00
1.041466229999999982e+01
1.021852930000000015e+01
9.747810100000000588e+00
9.630130299999999366e+00
9.845876600000000423e+00
1.019891600000000054e+01
1.045388890000000082e+01
1.025775589999999937e+01
9.806649999999999423e+00
9.708583499999999589e+00
9.806649999999999423e+00
1.008123619999999931e+01
1.021852930000000015e+01
1.027736920000000076e+01
1.000278300000000087e+01
9.787036699999999811e+00
