-2.687022100000000080e+00
-2.608568899999999857e+00
-2.549729000000000134e+00
-2.490889099999999967e+00
-2.569342300000000190e+00
-2.432049199999999800e+00
-2.490889099999999967e+00
-2.530115700000000079e+00
-2.569342300000000190e+00
-2.451662499999999856e+00
-2.490889099999999967e+00
-2.451662499999999856e+00
-2.863541800000000137e+00
-2.922381699999999860e+00
-2.706635400000000136e+00
-2.373209300000000077e+00
-2.333982699999999966e+00
-2.569342300000000190e+00
-2.883155100000000193e+00
-3.040061500000000194e+00
-2.941994999999999916e+00
-2.569342300000000190e+00
-2.530115700000000079e+00
-2.490889099999999967e+00
-2.294756099999999854e+00
-2.235916200000000131e+00
-2.275142800000000243e+00
-2.373209300000000077e+00
-2.412435900000000188e+00
-2.412435900000000188e+00
-2.412435900000000188e+00
-2.726248700000000191e+00
-3.000834900000000083e+00
-2.922381699999999860e+00
-2.824315200000000026e+00
-2.902768400000000248e+00
-3.098901399999999917e+00
-2.765475299999999859e+00
-2.373209300000000077e+00
-2.432049199999999800e+00
-2.765475299999999859e+00
-2.628182199999999913e+00
-2.745861999999999803e+00
-2.883155100000000193e+00
-2.961608299999999971e+00
-2.353596000000000021e+00
-1.941716699999999962e+00
-2.510502400000000023e+00
-2.902768400000000248e+00
-2.549729000000000134e+00
-2.079009800000000130e+00
-2.235916200000000131e+00
-2.314369399999999910e+00
-2.118236399999999797e+00
-2.216302900000000076e+00
-2.412435900000000188e+00
-2.471275799999999911e+00
-2.157462999999999909e+00
-1.765197000000000127e+00
-1.863263499999999961e+00
-1.706357099999999960e+00
-1.706357099999999960e+00
-2.020169899999999963e+00
-2.569342300000000190e+00
-2.451662499999999856e+00
-2.020169899999999963e+00
-1.902490100000000073e+00
-1.941716699999999962e+00
-2.216302900000000076e+00
-2.294756099999999854e+00
-2.333982699999999966e+00
-2.177076299999999964e+00
-1.980943300000000074e+00
-2.275142800000000243e+00
-2.432049199999999800e+00
-2.353596000000000021e+00
-2.432049199999999800e+00
-2.451662499999999856e+00
-2.098623100000000186e+00
-1.745583700000000071e+00
-1.686743799999999904e+00
-1.765197000000000127e+00
-1.765197000000000127e+00
-1.922103400000000129e+00
-2.216302900000000076e+00
-2.255529500000000187e+00
-2.098623100000000186e+00
-1.980943300000000074e+00
-1.961330000000000018e+00
-2.196689600000000020e+00
-2.314369399999999910e+00
-2.373209300000000077e+00
-1.941716699999999962e+00
-1.510224100000000069e+00
-1.745583700000000071e+00
-2.000556599999999907e+00
-2.000556599999999907e+00
-2.079009800000000130e+00
-2.373209300000000077e+00
-2.432049199999999800e+00
-2.059396500000000074e+00
-1.922103400000000129e+00
-1.843650199999999906e+00
-1.765197000000000127e+00
-1.608290600000000126e+00
-1.843650199999999906e+00
-2.157462999999999909e+00
-1.804423600000000016e+00
-1.470997499999999958e+00
-1.784810299999999961e+00
-2.020169899999999963e+00
-1.882876800000000017e+00
-2.098623100000000186e+00
-2.275142800000000243e+00
-2.098623100000000186e+00
-1.902490100000000073e+00
-1.647517200000000015e+00
-1.431770900000000069e+00
-1.490610800000000014e+00
-1.882876800000000017e+00
-2.333982699999999966e+00
-2.137849699999999853e+00
-1.843650199999999906e+00
-1.686743799999999904e+00
-1.529837399999999903e+00
-1.490610800000000014e+00
-1.882876800000000017e+00
-2.137849699999999853e+00
-1.882876800000000017e+00
-1.784810299999999961e+00
-1.922103400000000129e+00
-1.569064000000000014e+00
-1.333704400000000012e+00
-1.529837399999999903e+00
-1.941716699999999962e+00
-2.020169899999999963e+00
-1.902490100000000073e+00
-1.882876800000000017e+00
-1.470997499999999958e+00
-1.098344800000000010e+00
-1.490610800000000014e+00
-2.137849699999999853e+00
-2.098623100000000186e+00
-1.784810299999999961e+00
-1.667130500000000071e+00
-1.490610800000000014e+00
-1.274864500000000067e+00
-1.255251200000000011e+00
-1.412157600000000013e+00
-1.588677300000000070e+00
-1.510224100000000069e+00
-1.745583700000000071e+00
-1.745583700000000071e+00
-1.627903899999999959e+00
-1.608290600000000126e+00
-1.588677300000000070e+00
-1.255251200000000011e+00
-1.196411300000000066e+00
-1.569064000000000014e+00
-1.941716699999999962e+00
-1.510224100000000069e+00
-1.216024599999999900e+00
-1.274864500000000067e+00
-1.333704400000000012e+00
-1.431770900000000069e+00
-1.725970400000000016e+00
-1.765197000000000127e+00
-1.333704400000000012e+00
-1.117958100000000066e+00
-1.157184699999999955e+00
-9.610517000000000643e-01
-1.078731499999999954e+00
-1.392544299999999957e+00
-1.765197000000000127e+00
-1.549450699999999959e+00
-1.176798000000000011e+00
-1.039504900000000065e+00
-1.255251200000000011e+00
-1.372930999999999901e+00
-1.451384200000000124e+00
-1.529837399999999903e+00
-1.490610800000000014e+00
-1.137571400000000121e+00
-1.000278299999999954e+00
-1.000278299999999954e+00
-1.137571400000000121e+00
-1.451384200000000124e+00
-1.647517200000000015e+00
-1.725970400000000016e+00
-1.392544299999999957e+00
-1.294477800000000123e+00
-1.255251200000000011e+00
-1.392544299999999957e+00
-1.235637899999999956e+00
-1.019891600000000009e+00
-1.059118199999999899e+00
-1.176798000000000011e+00
-1.372930999999999901e+00
-1.117958100000000066e+00
-7.256921000000000621e-01
-8.433718999999999522e-01
-1.176798000000000011e+00
-1.392544299999999957e+00
-1.490610800000000014e+00
-1.372930999999999901e+00
-9.806650000000000089e-01
-8.041453000000000628e-01
-8.629852000000000078e-01
-1.176798000000000011e+00
-1.176798000000000011e+00
-1.019891600000000009e+00
-1.078731499999999954e+00
-1.157184699999999955e+00
-1.117958100000000066e+00
-1.059118199999999899e+00
-1.039504900000000065e+00
-1.039504900000000065e+00
-1.019891600000000009e+00
-1.274864500000000067e+00
-1.470997499999999958e+00
-1.353317700000000068e+00
-9.022118000000000082e-01
-7.453054000000000068e-01
-5.883990000000000054e-01
-6.472389000000000614e-01
-8.825985000000000635e-01
-1.235637899999999956e+00
-1.412157600000000013e+00
-1.117958100000000066e+00
-8.433718999999999522e-01
-9.414384000000000086e-01
-1.059118199999999899e+00
-9.414384000000000086e-01
-9.414384000000000086e-01
-9.806650000000000089e-01
-8.825985000000000635e-01
-6.668522000000000061e-01
-5.491724000000000050e-01
-8.433718999999999522e-01
-1.117958100000000066e+00
-1.235637899999999956e+00
-1.510224100000000069e+00
-1.510224100000000069e+00
-1.117958100000000066e+00
-1.019891600000000009e+00
-1.372930999999999901e+00
-1.608290600000000126e+00
-1.392544299999999957e+00
-1.019891600000000009e+00
-1.000278299999999954e+00
-1.059118199999999899e+00
-9.414384000000000086e-01
-5.099458000000000046e-01
-4.903325000000000045e-01
-7.845320000000000071e-01
-1.353317700000000068e+00
-1.647517200000000015e+00
-1.451384200000000124e+00
-9.610517000000000643e-01
-8.237586000000000075e-01
-8.041453000000000628e-01
-1.117958100000000066e+00
-9.806650000000000089e-01
-8.433718999999999522e-01
-9.610517000000000643e-01
-1.137571400000000121e+00
-1.000278299999999954e+00
-8.237586000000000075e-01
-8.825985000000000635e-01
-9.022118000000000082e-01
-9.218250999999999529e-01
-9.414384000000000086e-01
-8.825985000000000635e-01
-6.080122999999999500e-01
-5.295590999999999493e-01
-7.256921000000000621e-01
-1.039504900000000065e+00
-1.333704400000000012e+00
-1.569064000000000014e+00
-1.588677300000000070e+00
-1.078731499999999954e+00
-6.472389000000000614e-01
-5.491724000000000050e-01
-4.903325000000000045e-01
-4.314926000000000039e-01
-5.295590999999999493e-01
-5.883990000000000054e-01
-7.256921000000000621e-01
-9.022118000000000082e-01
-8.629852000000000078e-01
-8.433718999999999522e-01
-1.019891600000000009e+00
-1.274864500000000067e+00
-1.431770900000000069e+00
-1.314091099999999956e+00
-9.806650000000000089e-01
-5.883990000000000054e-01
-4.118793000000000037e-01
-6.276256000000000057e-01
-1.039504900000000065e+00
-1.039504900000000065e+00
-1.196411300000000066e+00
-1.294477800000000123e+00
-1.137571400000000121e+00
-9.806650000000000089e-01
-7.060788000000000064e-01
-7.060788000000000064e-01
-8.237586000000000075e-01
-1.059118199999999899e+00
-9.610517000000000643e-01
-7.453054000000000068e-01
-7.060788000000000064e-01
-7.060788000000000064e-01
-7.453054000000000068e-01
-8.041453000000000628e-01
-9.022118000000000082e-01
-8.433718999999999522e-01
-7.845320000000000071e-01
-6.864654999999999507e-01
-6.276256000000000057e-01
-9.022118000000000082e-01
-9.806650000000000089e-01
-9.218250999999999529e-01
-8.433718999999999522e-01
-9.414384000000000086e-01
-9.022118000000000082e-01
-8.629852000000000078e-01
-7.060788000000000064e-01
-6.864654999999999507e-01
-8.237586000000000075e-01
-9.022118000000000082e-01
-1.019891600000000009e+00
-8.041453000000000628e-01
-8.629852000000000078e-01
-8.629852000000000078e-01
-8.825985000000000635e-01
-9.022118000000000082e-01
-8.041453000000000628e-01
-7.453054000000000068e-01
-7.649186999999999514e-01
-8.433718999999999522e-01
-7.845320000000000071e-01
-8.629852000000000078e-01
-9.218250999999999529e-01
-8.629852000000000078e-01
-8.825985000000000635e-01
-9.022118000000000082e-01
-9.022118000000000082e-01
-9.806650000000000089e-01
-9.414384000000000086e-01
-5.883990000000000054e-01
-4.511059000000000041e-01
-5.491724000000000050e-01
-9.806650000000000089e-01
-1.274864500000000067e+00
-1.294477800000000123e+00
-1.117958100000000066e+00
-6.668522000000000061e-01
-3.922660000000000036e-01
-4.118793000000000037e-01
-4.707192000000000043e-01
-7.453054000000000068e-01
-8.825985000000000635e-01
-7.256921000000000621e-01
-5.099458000000000046e-01
-4.511059000000000041e-01
-4.903325000000000045e-01
-4.707192000000000043e-01
-7.256921000000000621e-01
-1.392544299999999957e+00
-1.470997499999999958e+00
-1.000278299999999954e+00
-4.118793000000000037e-01
-3.334261000000000030e-01
-6.276256000000000057e-01
-8.825985000000000635e-01
-5.687857000000000607e-01
-4.511059000000000041e-01
-4.314926000000000039e-01
-6.276256000000000057e-01
-1.372930999999999901e+00
-1.588677300000000070e+00
-1.274864500000000067e+00
-7.845320000000000071e-01
-7.649186999999999514e-01
-7.845320000000000071e-01
-1.000278299999999954e+00
-1.137571400000000121e+00
-1.098344800000000010e+00
-9.806650000000000089e-01
-5.491724000000000050e-01
-4.314926000000000039e-01
-4.314926000000000039e-01
-8.237586000000000075e-01
-1.235637899999999956e+00
-1.196411300000000066e+00
-7.453054000000000068e-01
-7.060788000000000064e-01
-1.039504900000000065e+00
-1.098344800000000010e+00
-1.039504900000000065e+00
-7.256921000000000621e-01
-4.314926000000000039e-01
-4.511059000000000041e-01
-5.883990000000000054e-01
-9.218250999999999529e-01
-1.039504900000000065e+00
-9.610517000000000643e-01
-1.216024599999999900e+00
-1.529837399999999903e+00
-1.372930999999999901e+00
-8.237586000000000075e-01
-4.314926000000000039e-01
-4.707192000000000043e-01
-6.864654999999999507e-01
-9.414384000000000086e-01
-8.825985000000000635e-01
-9.022118000000000082e-01
-7.453054000000000068e-01
-8.041453000000000628e-01
-8.237586000000000075e-01
-7.060788000000000064e-01
-4.314926000000000039e-01
-4.511059000000000041e-01
-6.276256000000000057e-01
-8.433718999999999522e-01
-5.295590999999999493e-01
-4.118793000000000037e-01
-6.276256000000000057e-01
-9.806650000000000089e-01
-1.019891600000000009e+00
-7.453054000000000068e-01
-4.903325000000000045e-01
-6.472389000000000614e-01
-9.806650000000000089e-01
-1.274864500000000067e+00
-1.392544299999999957e+00
-1.137571400000000121e+00
-8.237586000000000075e-01
-7.453054000000000068e-01
-6.276256000000000057e-01
-5.099458000000000046e-01
-8.433718999999999522e-01
-1.098344800000000010e+00
-1.098344800000000010e+00
-9.218250999999999529e-01
-5.883990000000000054e-01
-6.472389000000000614e-01
-9.806650000000000089e-01
-1.078731499999999954e+00
-6.080122999999999500e-01
-3.922660000000000036e-01
-4.511059000000000041e-01
-5.883990000000000054e-01
-7.649186999999999514e-01
-4.707192000000000043e-01
-2.549729000000000023e-01
-7.256921000000000621e-01
-1.196411300000000066e+00
-1.216024599999999900e+00
-1.216024599999999900e+00
-1.176798000000000011e+00
-1.117958100000000066e+00
-9.414384000000000086e-01
-7.256921000000000621e-01
-6.472389000000000614e-01
-9.218250999999999529e-01
-1.274864500000000067e+00
-9.610517000000000643e-01
-4.511059000000000041e-01
-3.530394000000000032e-01
-3.530394000000000032e-01
-4.511059000000000041e-01
-5.883990000000000054e-01
-1.235637899999999956e+00
-1.294477800000000123e+00
-7.256921000000000621e-01
-5.099458000000000046e-01
-1.039504900000000065e+00
-1.235637899999999956e+00
-1.078731499999999954e+00
-5.883990000000000054e-01
-2.941995000000000027e-01
-6.864654999999999507e-01
-1.117958100000000066e+00
-1.098344800000000010e+00
-7.453054000000000068e-01
-4.903325000000000045e-01
-4.707192000000000043e-01
-1.176798000000000011e+00
-1.470997499999999958e+00
-1.314091099999999956e+00
-1.019891600000000009e+00
-7.453054000000000068e-01
-8.237586000000000075e-01
-9.806650000000000089e-01
-7.453054000000000068e-01
-5.295590999999999493e-01
-3.922660000000000036e-01
-3.138128000000000029e-01
-4.903325000000000045e-01
-5.295590999999999493e-01
-6.080122999999999500e-01
-8.041453000000000628e-01
-1.157184699999999955e+00
-1.372930999999999901e+00
-1.353317700000000068e+00
-1.274864500000000067e+00
-8.237586000000000075e-01
-3.334261000000000030e-01
-4.314926000000000039e-01
-9.414384000000000086e-01
-1.490610800000000014e+00
-1.235637899999999956e+00
-5.687857000000000607e-01
-2.745862000000000025e-01
-3.922660000000000036e-01
-8.041453000000000628e-01
-1.412157600000000013e+00
-1.490610800000000014e+00
-1.137571400000000121e+00
-8.237586000000000075e-01
-7.060788000000000064e-01
-5.491724000000000050e-01
-4.314926000000000039e-01
-3.726527000000000034e-01
-3.922660000000000036e-01
-4.511059000000000041e-01
-4.511059000000000041e-01
-5.295590999999999493e-01
-5.491724000000000050e-01
-5.883990000000000054e-01
-5.883990000000000054e-01
-9.806650000000000089e-01
-1.333704400000000012e+00
-1.274864500000000067e+00
-1.000278299999999954e+00
-7.453054000000000068e-01
-7.256921000000000621e-01
-8.041453000000000628e-01
-7.256921000000000621e-01
-1.019891600000000009e+00
-1.235637899999999956e+00
-1.274864500000000067e+00
-9.610517000000000643e-01
-6.668522000000000061e-01
-6.080122999999999500e-01
-7.256921000000000621e-01
-7.256921000000000621e-01
-5.883990000000000054e-01
-6.276256000000000057e-01
-6.668522000000000061e-01
-8.629852000000000078e-01
-9.218250999999999529e-01
-8.825985000000000635e-01
-9.022118000000000082e-01
-9.806650000000000089e-01
-6.472389000000000614e-01
-4.707192000000000043e-01
-6.080122999999999500e-01
-4.707192000000000043e-01
-1.569064000000000014e-01
-2.549729000000000023e-01
-4.118793000000000037e-01
-4.707192000000000043e-01
-5.687857000000000607e-01
-6.276256000000000057e-01
-5.491724000000000050e-01
-4.314926000000000039e-01
-5.687857000000000607e-01
-4.903325000000000045e-01
-4.903325000000000045e-01
-5.295590999999999493e-01
-5.491724000000000050e-01
-9.610517000000000643e-01
-1.314091099999999956e+00
-9.806650000000000089e-01
-7.060788000000000064e-01
-6.472389000000000614e-01
-8.629852000000000078e-01
-1.157184699999999955e+00
-9.218250999999999529e-01
-6.668522000000000061e-01
-6.080122999999999500e-01
-6.472389000000000614e-01
-7.845320000000000071e-01
-8.629852000000000078e-01
-9.414384000000000086e-01
-3.530394000000000032e-01
-3.138128000000000029e-01
-4.118793000000000037e-01
-7.060788000000000064e-01
-5.099458000000000046e-01
-1.117958100000000066e+00
-9.806650000000000089e-01
-1.235637899999999956e+00
-6.276256000000000057e-01
-6.472389000000000614e-01
-4.314926000000000039e-01
-5.099458000000000046e-01
-6.864654999999999507e-01
-5.687857000000000607e-01
-3.334261000000000030e-01
-4.707192000000000043e-01
-8.825985000000000635e-01
-9.022118000000000082e-01
-8.237586000000000075e-01
-8.433718999999999522e-01
-5.491724000000000050e-01
-6.472389000000000614e-01
-7.453054000000000068e-01
-6.276256000000000057e-01
-6.276256000000000057e-01
-5.883990000000000054e-01
-5.687857000000000607e-01
-2.353596000000000021e-01
-7.649186999999999514e-01
-6.864654999999999507e-01
-3.334261000000000030e-01
-2.941995000000000027e-01
-6.276256000000000057e-01
-4.707192000000000043e-01
-4.118793000000000037e-01
-5.295590999999999493e-01
-5.295590999999999493e-01
-5.295590999999999493e-01
-6.080122999999999500e-01
-6.472389000000000614e-01
-6.668522000000000061e-01
-6.472389000000000614e-01
-6.276256000000000057e-01
-7.453054000000000068e-01
-6.668522000000000061e-01
-7.256921000000000621e-01
-6.668522000000000061e-01
-5.883990000000000054e-01
-6.080122999999999500e-01
-6.472389000000000614e-01
-6.276256000000000057e-01
-7.256921000000000621e-01
-7.060788000000000064e-01
-6.276256000000000057e-01
-5.883990000000000054e-01
-5.099458000000000046e-01
-5.295590999999999493e-01
-5.687857000000000607e-01
-5.687857000000000607e-01
-7.060788000000000064e-01
-5.295590999999999493e-01
-5.099458000000000046e-01
-5.099458000000000046e-01
-4.707192000000000043e-01
-5.099458000000000046e-01
-5.687857000000000607e-01
-6.864654999999999507e-01
-7.060788000000000064e-01
-7.060788000000000064e-01
-6.276256000000000057e-01
-6.276256000000000057e-01
-5.687857000000000607e-01
-6.276256000000000057e-01
-6.080122999999999500e-01
-5.099458000000000046e-01
-7.060788000000000064e-01
-7.649186999999999514e-01
-6.472389000000000614e-01
-5.491724000000000050e-01
-4.511059000000000041e-01
-4.118793000000000037e-01
-6.864654999999999507e-01
-7.060788000000000064e-01
-6.080122999999999500e-01
-5.687857000000000607e-01
-5.687857000000000607e-01
-5.883990000000000054e-01
-5.687857000000000607e-01
-5.295590999999999493e-01
-5.099458000000000046e-01
-6.864654999999999507e-01
-7.649186999999999514e-01
-6.472389000000000614e-01
-5.883990000000000054e-01
-4.707192000000000043e-01
-5.883990000000000054e-01
-6.668522000000000061e-01
-7.060788000000000064e-01
-5.883990000000000054e-01
-6.276256000000000057e-01
-5.883990000000000054e-01
-5.295590999999999493e-01
-6.080122999999999500e-01
-6.276256000000000057e-01
-6.276256000000000057e-01
-6.668522000000000061e-01
-5.687857000000000607e-01
-4.903325000000000045e-01
-6.276256000000000057e-01
-6.080122999999999500e-01
-6.276256000000000057e-01
-6.668522000000000061e-01
-5.687857000000000607e-01
-4.511059000000000041e-01
-5.883990000000000054e-01
-6.864654999999999507e-01
-7.060788000000000064e-01
-6.472389000000000614e-01
-6.276256000000000057e-01
-7.256921000000000621e-01
-6.472389000000000614e-01
-5.099458000000000046e-01
-4.511059000000000041e-01
-5.687857000000000607e-01
-5.687857000000000607e-01
-7.060788000000000064e-01
-7.649186999999999514e-01
-5.687857000000000607e-01
-4.707192000000000043e-01
-6.276256000000000057e-01
-6.276256000000000057e-01
-5.883990000000000054e-01
-6.668522000000000061e-01
-6.864654999999999507e-01
-6.668522000000000061e-01
-7.453054000000000068e-01
-6.668522000000000061e-01
-5.687857000000000607e-01
-6.276256000000000057e-01
-6.080122999999999500e-01
-6.080122999999999500e-01
-7.060788000000000064e-01
-5.687857000000000607e-01
-5.687857000000000607e-01
-5.099458000000000046e-01
-5.687857000000000607e-01
-5.491724000000000050e-01
-6.080122999999999500e-01
-5.883990000000000054e-01
-6.472389000000000614e-01
-5.687857000000000607e-01
-5.099458000000000046e-01
-6.472389000000000614e-01
-8.237586000000000075e-01
-7.453054000000000068e-01
-7.649186999999999514e-01
-6.668522000000000061e-01
-6.276256000000000057e-01
-6.080122999999999500e-01
-5.883990000000000054e-01
-4.511059000000000041e-01
-5.687857000000000607e-01
-6.668522000000000061e-01
-7.845320000000000071e-01
-6.276256000000000057e-01
-5.687857000000000607e-01
-5.099458000000000046e-01
-4.707192000000000043e-01
-5.687857000000000607e-01
-6.080122999999999500e-01
-6.276256000000000057e-01
-5.491724000000000050e-01
-4.707192000000000043e-01
-5.883990000000000054e-01
-7.256921000000000621e-01
-6.864654999999999507e-01
-7.060788000000000064e-01
-9.218250999999999529e-01
-1.098344800000000010e+00
-1.000278299999999954e+00
-7.453054000000000068e-01
-5.883990000000000054e-01
-4.314926000000000039e-01
-7.256921000000000621e-01
-7.453054000000000068e-01
-6.472389000000000614e-01
-5.883990000000000054e-01
-5.491724000000000050e-01
-6.276256000000000057e-01
-5.295590999999999493e-01
-5.687857000000000607e-01
-5.491724000000000050e-01
-7.256921000000000621e-01
-7.453054000000000068e-01
-8.237586000000000075e-01
-6.080122999999999500e-01
-5.883990000000000054e-01
-6.080122999999999500e-01
-4.511059000000000041e-01
-3.922660000000000036e-01
-5.883990000000000054e-01
-6.276256000000000057e-01
-1.451384200000000124e+00
-8.237586000000000075e-01
-9.022118000000000082e-01
-6.668522000000000061e-01
-1.137571400000000121e+00
-7.060788000000000064e-01
-7.060788000000000064e-01
-1.000278299999999954e+00
-1.000278299999999954e+00
-1.019891600000000009e+00
-8.825985000000000635e-01
-8.237586000000000075e-01
-5.687857000000000607e-01
-4.707192000000000043e-01
-3.530394000000000032e-01
-6.668522000000000061e-01
-8.433718999999999522e-01
-8.041453000000000628e-01
-9.610517000000000643e-01
-9.022118000000000082e-01
-6.668522000000000061e-01
-4.511059000000000041e-01
-5.295590999999999493e-01
-5.099458000000000046e-01
-6.668522000000000061e-01
-8.237586000000000075e-01
-7.649186999999999514e-01
-5.491724000000000050e-01
-5.295590999999999493e-01
-6.080122999999999500e-01
-5.491724000000000050e-01
-6.080122999999999500e-01
-5.883990000000000054e-01
-6.276256000000000057e-01
-7.060788000000000064e-01
-7.845320000000000071e-01
-7.649186999999999514e-01
-7.256921000000000621e-01
-6.668522000000000061e-01
-7.060788000000000064e-01
-6.472389000000000614e-01
-5.491724000000000050e-01
-5.491724000000000050e-01
-7.256921000000000621e-01
-7.845320000000000071e-01
-6.864654999999999507e-01
-6.668522000000000061e-01
-6.472389000000000614e-01
-7.649186999999999514e-01
-9.610517000000000643e-01
-8.433718999999999522e-01
-5.883990000000000054e-01
-5.491724000000000050e-01
-5.883990000000000054e-01
-8.041453000000000628e-01
-8.629852000000000078e-01
-7.845320000000000071e-01
-5.687857000000000607e-01
-6.276256000000000057e-01
-6.864654999999999507e-01
-7.649186999999999514e-01
-6.472389000000000614e-01
-5.491724000000000050e-01
-5.883990000000000054e-01
-5.491724000000000050e-01
-6.472389000000000614e-01
-6.276256000000000057e-01
-4.707192000000000043e-01
-5.883990000000000054e-01
-6.472389000000000614e-01
-7.845320000000000071e-01
-7.060788000000000064e-01
-6.472389000000000614e-01
-4.903325000000000045e-01
-5.491724000000000050e-01
-6.668522000000000061e-01
-7.060788000000000064e-01
-7.060788000000000064e-01
-6.668522000000000061e-01
-7.060788000000000064e-01
-8.433718999999999522e-01
-7.453054000000000068e-01
-7.453054000000000068e-01
-7.256921000000000621e-01
-5.295590999999999493e-01
-5.883990000000000054e-01
-6.080122999999999500e-01
-5.491724000000000050e-01
-6.864654999999999507e-01
-7.649186999999999514e-01
-8.041453000000000628e-01
-9.218250999999999529e-01
-9.218250999999999529e-01
-8.041453000000000628e-01
-5.491724000000000050e-01
-7.256921000000000621e-01
-6.472389000000000614e-01
-5.491724000000000050e-01
-5.295590999999999493e-01
-6.276256000000000057e-01
-6.276256000000000057e-01
-6.080122999999999500e-01
-6.864654999999999507e-01
-7.060788000000000064e-01
-6.864654999999999507e-01
-6.472389000000000614e-01
-6.472389000000000614e-01
-7.060788000000000064e-01
-7.256921000000000621e-01
-6.668522000000000061e-01
-7.453054000000000068e-01
-6.276256000000000057e-01
-6.276256000000000057e-01
-6.864654999999999507e-01
-7.453054000000000068e-01
-5.491724000000000050e-01
-7.453054000000000068e-01
-6.668522000000000061e-01
-5.099458000000000046e-01
-5.883990000000000054e-01
-7.060788000000000064e-01
-6.080122999999999500e-01
-7.453054000000000068e-01
-7.649186999999999514e-01
-6.080122999999999500e-01
-6.864654999999999507e-01
-7.649186999999999514e-01
-7.453054000000000068e-01
-7.060788000000000064e-01
-7.256921000000000621e-01
-5.491724000000000050e-01
-6.472389000000000614e-01
-6.864654999999999507e-01
-6.864654999999999507e-01
-6.864654999999999507e-01
-6.276256000000000057e-01
-7.256921000000000621e-01
-6.864654999999999507e-01
-6.864654999999999507e-01
-7.060788000000000064e-01
-7.453054000000000068e-01
-5.687857000000000607e-01
-6.472389000000000614e-01
-7.649186999999999514e-01
-5.491724000000000050e-01
-5.491724000000000050e-01
-5.491724000000000050e-01
-5.099458000000000046e-01
-5.295590999999999493e-01
-9.414384000000000086e-01
-1.059118199999999899e+00
-8.825985000000000635e-01
-6.864654999999999507e-01
-4.314926000000000039e-01
-1.019891600000000009e+00
-6.472389000000000614e-01
-7.060788000000000064e-01
-1.216024599999999900e+00
-1.765197000000000016e-01
-1.137571400000000121e+00
-5.099458000000000046e-01
-7.845320000000000071e-01
-1.000278299999999954e+00
-9.218250999999999529e-01
-7.845320000000000071e-01
-9.610517000000000643e-01
-8.237586000000000075e-01
-5.099458000000000046e-01
-6.668522000000000061e-01
-1.235637899999999956e+00
-8.825985000000000635e-01
-7.256921000000000621e-01
-1.059118199999999899e+00
5.883990000000000054e-02
-7.649186999999999514e-01
-7.845320000000000071e-01
-5.687857000000000607e-01
-3.334261000000000030e-01
-3.922660000000000036e-01
-5.687857000000000607e-01
-5.883990000000000054e-01
-7.453054000000000068e-01
-4.903325000000000045e-01
-6.080122999999999500e-01
-9.806650000000000089e-01
-5.883990000000000054e-01
-9.414384000000000086e-01
-7.256921000000000621e-01
-6.668522000000000061e-01
-6.864654999999999507e-01
-7.845320000000000071e-01
-6.080122999999999500e-01
-6.276256000000000057e-01
-5.099458000000000046e-01
-9.218250999999999529e-01
-6.276256000000000057e-01
-5.295590999999999493e-01
-2.745862000000000025e-01
-6.668522000000000061e-01
-8.629852000000000078e-01
-5.687857000000000607e-01
-6.080122999999999500e-01
-6.864654999999999507e-01
-7.256921000000000621e-01
-8.629852000000000078e-01
-7.256921000000000621e-01
-6.276256000000000057e-01
-6.276256000000000057e-01
-7.060788000000000064e-01
-6.668522000000000061e-01
-6.276256000000000057e-01
-6.080122999999999500e-01
-6.276256000000000057e-01
-6.276256000000000057e-01
-7.256921000000000621e-01
-9.022118000000000082e-01
-7.256921000000000621e-01
-7.649186999999999514e-01
-6.472389000000000614e-01
-7.256921000000000621e-01
-6.080122999999999500e-01
-6.864654999999999507e-01
-8.041453000000000628e-01
-6.864654999999999507e-01
-7.060788000000000064e-01
-5.883990000000000054e-01
-6.668522000000000061e-01
-6.472389000000000614e-01
-6.080122999999999500e-01
-6.472389000000000614e-01
-7.060788000000000064e-01
-5.883990000000000054e-01
-4.118793000000000037e-01
-4.707192000000000043e-01
-5.295590999999999493e-01
-6.864654999999999507e-01
-7.649186999999999514e-01
-7.649186999999999514e-01
-7.060788000000000064e-01
-6.668522000000000061e-01
-7.453054000000000068e-01
-6.668522000000000061e-01
-6.864654999999999507e-01
-6.080122999999999500e-01
-6.864654999999999507e-01
-7.256921000000000621e-01
-7.060788000000000064e-01
-6.864654999999999507e-01
-5.687857000000000607e-01
-5.491724000000000050e-01
-6.276256000000000057e-01
-6.276256000000000057e-01
-7.845320000000000071e-01
-7.256921000000000621e-01
-6.864654999999999507e-01
-6.276256000000000057e-01
-5.883990000000000054e-01
-5.883990000000000054e-01
-1.117958100000000066e+00
-2.569342300000000190e+00
-1.961330000000000018e+00
-1.216024599999999900e+00
-7.453054000000000068e-01
-9.806650000000000089e-01
-7.256921000000000621e-01
-3.922660000000000036e-01
-5.883990000000000054e-01
-3.334261000000000030e-01
-5.491724000000000050e-01
-7.453054000000000068e-01
-7.845320000000000071e-01
-8.041453000000000628e-01
-7.256921000000000621e-01
-7.060788000000000064e-01
-7.845320000000000071e-01
-7.649186999999999514e-01
-7.256921000000000621e-01
-7.060788000000000064e-01
-7.649186999999999514e-01
-1.157184699999999955e+00
-7.453054000000000068e-01
-5.099458000000000046e-01
-5.883990000000000054e-01
-7.649186999999999514e-01
-6.472389000000000614e-01
-5.491724000000000050e-01
-5.099458000000000046e-01
-5.099458000000000046e-01
-4.511059000000000041e-01
-4.707192000000000043e-01
-6.668522000000000061e-01
-9.806650000000000089e-01
-1.000278299999999954e+00
-8.237586000000000075e-01
-6.276256000000000057e-01
-7.060788000000000064e-01
-6.864654999999999507e-01
-5.687857000000000607e-01
-3.334261000000000030e-01
-4.903325000000000045e-01
-6.080122999999999500e-01
-7.060788000000000064e-01
-8.237586000000000075e-01
-8.041453000000000628e-01
-7.453054000000000068e-01
-6.080122999999999500e-01
-6.668522000000000061e-01
-6.864654999999999507e-01
-6.864654999999999507e-01
-5.491724000000000050e-01
-6.276256000000000057e-01
-6.276256000000000057e-01
-6.276256000000000057e-01
-6.276256000000000057e-01
-8.237586000000000075e-01
-8.237586000000000075e-01
-7.453054000000000068e-01
-6.472389000000000614e-01
-6.080122999999999500e-01
-5.491724000000000050e-01
-5.295590999999999493e-01
-4.118793000000000037e-01
-4.707192000000000043e-01
-5.883990000000000054e-01
-8.041453000000000628e-01
-7.256921000000000621e-01
-8.237586000000000075e-01
-6.276256000000000057e-01
-7.256921000000000621e-01
-6.472389000000000614e-01
-6.864654999999999507e-01
-5.687857000000000607e-01
-5.491724000000000050e-01
-5.883990000000000054e-01
-6.080122999999999500e-01
-6.276256000000000057e-01
-6.080122999999999500e-01
-7.060788000000000064e-01
-8.237586000000000075e-01
-7.649186999999999514e-01
-6.668522000000000061e-01
-6.472389000000000614e-01
-6.472389000000000614e-01
-5.295590999999999493e-01
-5.883990000000000054e-01
-5.491724000000000050e-01
-7.453054000000000068e-01
-7.453054000000000068e-01
-6.668522000000000061e-01
-7.060788000000000064e-01
-7.060788000000000064e-01
-7.453054000000000068e-01
-6.864654999999999507e-01
-7.060788000000000064e-01
-5.295590999999999493e-01
-4.707192000000000043e-01
-6.080122999999999500e-01
-6.080122999999999500e-01
-6.668522000000000061e-01
-7.256921000000000621e-01
-8.041453000000000628e-01
-5.883990000000000054e-01
-4.314926000000000039e-01
-4.118793000000000037e-01
-4.903325000000000045e-01
-6.668522000000000061e-01
-7.845320000000000071e-01
-7.453054000000000068e-01
-6.668522000000000061e-01
-6.472389000000000614e-01
-6.472389000000000614e-01
-6.276256000000000057e-01
-5.687857000000000607e-01
-6.080122999999999500e-01
-4.511059000000000041e-01
-6.472389000000000614e-01
-6.668522000000000061e-01
-6.080122999999999500e-01
-7.256921000000000621e-01
-6.472389000000000614e-01
-8.237586000000000075e-01
-7.060788000000000064e-01
-7.060788000000000064e-01
-5.295590999999999493e-01
-5.883990000000000054e-01
-5.491724000000000050e-01
-5.491724000000000050e-01
-6.864654999999999507e-01
-6.864654999999999507e-01
-7.845320000000000071e-01
-7.256921000000000621e-01
-7.845320000000000071e-01
-6.472389000000000614e-01
-6.276256000000000057e-01
-6.472389000000000614e-01
-6.276256000000000057e-01
-6.276256000000000057e-01
-5.883990000000000054e-01
-5.491724000000000050e-01
-5.883990000000000054e-01
-5.295590999999999493e-01
-6.472389000000000614e-01
-6.276256000000000057e-01
-6.080122999999999500e-01
-7.453054000000000068e-01
-8.825985000000000635e-01
-1.019891600000000009e+00
-9.218250999999999529e-01
-7.256921000000000621e-01
-5.099458000000000046e-01
-6.276256000000000057e-01
-8.237586000000000075e-01
-8.237586000000000075e-01
-6.668522000000000061e-01
-4.314926000000000039e-01
-5.295590999999999493e-01
-7.060788000000000064e-01
-9.022118000000000082e-01
-7.845320000000000071e-01
-6.668522000000000061e-01
-4.511059000000000041e-01
-5.295590999999999493e-01
-4.511059000000000041e-01
-4.314926000000000039e-01
-4.511059000000000041e-01
-4.903325000000000045e-01
-5.295590999999999493e-01
-4.314926000000000039e-01
-4.903325000000000045e-01
-4.903325000000000045e-01
-5.883990000000000054e-01
-7.060788000000000064e-01
-6.080122999999999500e-01
-5.883990000000000054e-01
-5.491724000000000050e-01
-6.080122999999999500e-01
-5.295590999999999493e-01
-5.883990000000000054e-01
-5.295590999999999493e-01
-6.668522000000000061e-01
-7.060788000000000064e-01
-9.610517000000000643e-01
-9.218250999999999529e-01
-7.256921000000000621e-01
-6.080122999999999500e-01
-7.453054000000000068e-01
-8.237586000000000075e-01
-1.000278299999999954e+00
-1.137571400000000121e+00
-9.806650000000000089e-01
-5.883990000000000054e-01
-3.726527000000000034e-01
-4.707192000000000043e-01
-4.903325000000000045e-01
-6.668522000000000061e-01
-5.295590999999999493e-01
-7.060788000000000064e-01
-6.276256000000000057e-01
-5.883990000000000054e-01
-4.903325000000000045e-01
-4.903325000000000045e-01
-6.080122999999999500e-01
-6.864654999999999507e-01
-6.276256000000000057e-01
-6.668522000000000061e-01
-6.472389000000000614e-01
-5.295590999999999493e-01
-5.099458000000000046e-01
-7.060788000000000064e-01
-8.629852000000000078e-01
-1.000278299999999954e+00
-9.610517000000000643e-01
-8.433718999999999522e-01
-6.864654999999999507e-01
-7.453054000000000068e-01
-8.237586000000000075e-01
-8.629852000000000078e-01
-8.433718999999999522e-01
-6.472389000000000614e-01
-5.883990000000000054e-01
-5.491724000000000050e-01
-5.883990000000000054e-01
-6.080122999999999500e-01
-6.080122999999999500e-01
-5.099458000000000046e-01
-6.080122999999999500e-01
-5.295590999999999493e-01
-4.903325000000000045e-01
-5.491724000000000050e-01
-6.276256000000000057e-01
-7.845320000000000071e-01
-9.218250999999999529e-01
-9.806650000000000089e-01
-8.629852000000000078e-01
-7.256921000000000621e-01
-5.099458000000000046e-01
-5.295590999999999493e-01
-5.883990000000000054e-01
-7.256921000000000621e-01
-5.687857000000000607e-01
-5.883990000000000054e-01
-6.668522000000000061e-01
-6.864654999999999507e-01
-8.825985000000000635e-01
-8.825985000000000635e-01
-8.237586000000000075e-01
-7.453054000000000068e-01
-7.453054000000000068e-01
-9.022118000000000082e-01
-8.629852000000000078e-01
-9.414384000000000086e-01
-9.414384000000000086e-01
-9.022118000000000082e-01
-8.825985000000000635e-01
-7.845320000000000071e-01
-7.845320000000000071e-01
-8.041453000000000628e-01
-7.453054000000000068e-01
-8.629852000000000078e-01
-7.649186999999999514e-01
-8.825985000000000635e-01
-9.806650000000000089e-01
-8.433718999999999522e-01
-8.825985000000000635e-01
-1.019891600000000009e+00
-1.078731499999999954e+00
-1.117958100000000066e+00
-1.078731499999999954e+00
-1.000278299999999954e+00
-7.256921000000000621e-01
-1.039504900000000065e+00
-9.218250999999999529e-01
-1.157184699999999955e+00
-1.157184699999999955e+00
-1.157184699999999955e+00
-9.218250999999999529e-01
-8.041453000000000628e-01
-6.864654999999999507e-01
-5.687857000000000607e-01
-7.453054000000000068e-01
-1.039504900000000065e+00
-7.845320000000000071e-01
-9.610517000000000643e-01
-4.903325000000000045e-01
-1.078731499999999954e+00
-1.039504900000000065e+00
-1.019891600000000009e+00
-1.059118199999999899e+00
-8.041453000000000628e-01
-1.117958100000000066e+00
-1.000278299999999954e+00
-1.098344800000000010e+00
-6.276256000000000057e-01
-7.845320000000000071e-01
-8.433718999999999522e-01
-1.137571400000000121e+00
-1.216024599999999900e+00
-1.000278299999999954e+00
-8.237586000000000075e-01
-5.687857000000000607e-01
-6.080122999999999500e-01
-6.864654999999999507e-01
-6.668522000000000061e-01
-5.491724000000000050e-01
-6.080122999999999500e-01
-1.039504900000000065e+00
-1.235637899999999956e+00
-1.314091099999999956e+00
-1.019891600000000009e+00
-9.610517000000000643e-01
-7.845320000000000071e-01
-9.022118000000000082e-01
-1.235637899999999956e+00
-1.314091099999999956e+00
-1.392544299999999957e+00
-1.216024599999999900e+00
-1.098344800000000010e+00
-9.414384000000000086e-01
-8.825985000000000635e-01
-7.845320000000000071e-01
-8.825985000000000635e-01
-9.806650000000000089e-01
-1.098344800000000010e+00
-1.431770900000000069e+00
-1.333704400000000012e+00
-1.196411300000000066e+00
-9.806650000000000089e-01
-1.000278299999999954e+00
-1.333704400000000012e+00
-1.588677300000000070e+00
-1.725970400000000016e+00
-1.431770900000000069e+00
-1.333704400000000012e+00
-1.098344800000000010e+00
-1.137571400000000121e+00
-1.176798000000000011e+00
-1.353317700000000068e+00
-1.294477800000000123e+00
-1.314091099999999956e+00
-1.608290600000000126e+00
-1.353317700000000068e+00
-1.098344800000000010e+00
-9.414384000000000086e-01
-9.806650000000000089e-01
-1.274864500000000067e+00
-1.255251200000000011e+00
-1.353317700000000068e+00
-9.022118000000000082e-01
-1.039504900000000065e+00
-1.216024599999999900e+00
-1.588677300000000070e+00
-1.706357099999999960e+00
-1.451384200000000124e+00
-1.372930999999999901e+00
-8.629852000000000078e-01
-1.098344800000000010e+00
-9.806650000000000089e-01
-1.314091099999999956e+00
-1.353317700000000068e+00
-1.588677300000000070e+00
-1.686743799999999904e+00
-1.667130500000000071e+00
-1.588677300000000070e+00
-1.627903899999999959e+00
-1.412157600000000013e+00
-1.451384200000000124e+00
-1.274864500000000067e+00
-1.294477800000000123e+00
-1.353317700000000068e+00
-1.353317700000000068e+00
-1.470997499999999958e+00
-1.314091099999999956e+00
-1.274864500000000067e+00
-1.372930999999999901e+00
-1.667130500000000071e+00
-1.706357099999999960e+00
-1.980943300000000074e+00
-1.922103400000000129e+00
-1.980943300000000074e+00
-1.961330000000000018e+00
-1.804423600000000016e+00
-1.569064000000000014e+00
-1.549450699999999959e+00
-1.392544299999999957e+00
-1.196411300000000066e+00
-1.078731499999999954e+00
-1.039504900000000065e+00
-1.353317700000000068e+00
-1.470997499999999958e+00
-1.686743799999999904e+00
-1.765197000000000127e+00
-1.843650199999999906e+00
-1.922103400000000129e+00
-2.000556599999999907e+00
-2.000556599999999907e+00
-1.804423600000000016e+00
-1.608290600000000126e+00
-1.549450699999999959e+00
-1.549450699999999959e+00
-1.470997499999999958e+00
-1.529837399999999903e+00
-1.765197000000000127e+00
-2.059396500000000074e+00
-2.314369399999999910e+00
-2.353596000000000021e+00
-2.137849699999999853e+00
-1.745583700000000071e+00
-1.725970400000000016e+00
-1.725970400000000016e+00
-1.765197000000000127e+00
-1.608290600000000126e+00
-1.431770900000000069e+00
-1.353317700000000068e+00
-1.588677300000000070e+00
-1.608290600000000126e+00
-1.980943300000000074e+00
-1.882876800000000017e+00
-1.922103400000000129e+00
-1.882876800000000017e+00
-1.745583700000000071e+00
-1.608290600000000126e+00
-1.569064000000000014e+00
-1.706357099999999960e+00
-1.863263499999999961e+00
-2.059396500000000074e+00
-2.020169899999999963e+00
-1.902490100000000073e+00
-1.765197000000000127e+00
-1.784810299999999961e+00
-2.157462999999999909e+00
-2.196689600000000020e+00
-2.137849699999999853e+00
-1.824036900000000072e+00
-1.824036900000000072e+00
-1.627903899999999959e+00
-1.725970400000000016e+00
-1.745583700000000071e+00
-2.020169899999999963e+00
-2.294756099999999854e+00
-2.451662499999999856e+00
-2.530115700000000079e+00
-2.451662499999999856e+00
-2.157462999999999909e+00
-1.980943300000000074e+00
-1.706357099999999960e+00
-1.824036900000000072e+00
-1.902490100000000073e+00
-1.961330000000000018e+00
-1.745583700000000071e+00
-1.706357099999999960e+00
-1.784810299999999961e+00
-1.980943300000000074e+00
-2.294756099999999854e+00
-2.294756099999999854e+00
-2.235916200000000131e+00
-1.980943300000000074e+00
-1.824036900000000072e+00
-1.804423600000000016e+00
-1.863263499999999961e+00
-2.157462999999999909e+00
-2.177076299999999964e+00
-2.216302900000000076e+00
-2.216302900000000076e+00
-2.255529500000000187e+00
-2.353596000000000021e+00
-2.353596000000000021e+00
-2.275142800000000243e+00
-2.079009800000000130e+00
-1.961330000000000018e+00
-2.235916200000000131e+00
-2.137849699999999853e+00
-1.961330000000000018e+00
-2.039783200000000019e+00
-2.039783200000000019e+00
-2.196689600000000020e+00
-2.373209300000000077e+00
-2.647795499999999969e+00
-2.255529500000000187e+00
-2.098623100000000186e+00
-2.020169899999999963e+00
-2.373209300000000077e+00
-2.588955600000000246e+00
-2.628182199999999913e+00
-2.471275799999999911e+00
-2.039783200000000019e+00
-1.784810299999999961e+00
-1.647517200000000015e+00
-2.020169899999999963e+00
-2.000556599999999907e+00
-2.098623100000000186e+00
-1.902490100000000073e+00
-2.000556599999999907e+00
-2.177076299999999964e+00
-2.471275799999999911e+00
-2.667408800000000024e+00
-2.687022100000000080e+00
-2.451662499999999856e+00
-2.255529500000000187e+00
-2.333982699999999966e+00
-2.255529500000000187e+00
-2.451662499999999856e+00
-2.157462999999999909e+00
-2.392822600000000133e+00
-2.353596000000000021e+00
-2.549729000000000134e+00
-2.510502400000000023e+00
-2.530115700000000079e+00
-2.588955600000000246e+00
-2.490889099999999967e+00
-2.392822600000000133e+00
-2.471275799999999911e+00
-2.451662499999999856e+00
-2.373209300000000077e+00
-2.157462999999999909e+00
-2.079009800000000130e+00
-2.216302900000000076e+00
-2.353596000000000021e+00
-2.373209300000000077e+00
-2.451662499999999856e+00
-2.373209300000000077e+00
-2.412435900000000188e+00
-2.530115700000000079e+00
-2.667408800000000024e+00
-2.451662499999999856e+00
-2.451662499999999856e+00
-2.216302900000000076e+00
-2.353596000000000021e+00
-2.412435900000000188e+00
-2.353596000000000021e+00
-2.392822600000000133e+00
-2.314369399999999910e+00
-2.314369399999999910e+00
-2.353596000000000021e+00
-2.373209300000000077e+00
-2.432049199999999800e+00
-2.333982699999999966e+00
-2.235916200000000131e+00
-2.373209300000000077e+00
-2.392822600000000133e+00
-2.373209300000000077e+00
-2.373209300000000077e+00
-2.392822600000000133e+00
-2.412435900000000188e+00
-2.392822600000000133e+00
-2.392822600000000133e+00
-2.392822600000000133e+00
-2.373209300000000077e+00
-2.353596000000000021e+00
-2.333982699999999966e+00
-2.255529500000000187e+00
-2.353596000000000021e+00
-2.294756099999999854e+00
-2.333982699999999966e+00
-2.353596000000000021e+00
-2.392822600000000133e+00
-2.471275799999999911e+00
-2.608568899999999857e+00
-2.667408800000000024e+00
-2.687022100000000080e+00
-2.392822600000000133e+00
-2.294756099999999854e+00
-2.137849699999999853e+00
-2.333982699999999966e+00
-2.628182199999999913e+00
-2.765475299999999859e+00
-2.824315200000000026e+00
-2.647795499999999969e+00
-2.569342300000000190e+00
-2.490889099999999967e+00
-2.608568899999999857e+00
-2.353596000000000021e+00
-2.353596000000000021e+00
-2.628182199999999913e+00
-2.824315200000000026e+00
-2.843928500000000081e+00
-2.451662499999999856e+00
-2.079009800000000130e+00
-2.098623100000000186e+00
-2.255529500000000187e+00
-2.667408800000000024e+00
-2.588955600000000246e+00
-2.137849699999999853e+00
-1.608290600000000126e+00
-2.059396500000000074e+00
-2.608568899999999857e+00
-2.804701899999999970e+00
-2.706635400000000136e+00
-2.314369399999999910e+00
-2.314369399999999910e+00
-2.177076299999999964e+00
-2.118236399999999797e+00
-1.941716699999999962e+00
-2.000556599999999907e+00
-2.412435900000000188e+00
-2.549729000000000134e+00
-2.412435900000000188e+00
-2.196689600000000020e+00
-2.255529500000000187e+00
-2.628182199999999913e+00
-2.922381699999999860e+00
-2.608568899999999857e+00
-2.373209300000000077e+00
-2.118236399999999797e+00
-2.255529500000000187e+00
-2.432049199999999800e+00
-2.451662499999999856e+00
-2.255529500000000187e+00
-2.294756099999999854e+00
-2.275142800000000243e+00
-2.530115700000000079e+00
-2.706635400000000136e+00
-2.628182199999999913e+00
-2.373209300000000077e+00
-2.471275799999999911e+00
-2.706635400000000136e+00
-2.726248700000000191e+00
-2.451662499999999856e+00
-2.118236399999999797e+00
-1.882876800000000017e+00
-2.157462999999999909e+00
-2.765475299999999859e+00
-2.745861999999999803e+00
-2.392822600000000133e+00
-2.020169899999999963e+00
-2.314369399999999910e+00
-2.706635400000000136e+00
-2.922381699999999860e+00
-2.667408800000000024e+00
-2.137849699999999853e+00
-2.039783200000000019e+00
-2.020169899999999963e+00
-2.628182199999999913e+00
-2.726248700000000191e+00
-2.588955600000000246e+00
-2.432049199999999800e+00
-2.706635400000000136e+00
-2.843928500000000081e+00
-2.647795499999999969e+00
-2.432049199999999800e+00
-2.079009800000000130e+00
-2.432049199999999800e+00
-2.628182199999999913e+00
-3.000834900000000083e+00
-2.569342300000000190e+00
-2.373209300000000077e+00
-2.392822600000000133e+00
-2.687022100000000080e+00
-2.883155100000000193e+00
-2.804701899999999970e+00
-2.275142800000000243e+00
-2.314369399999999910e+00
-2.471275799999999911e+00
-2.569342300000000190e+00
-2.608568899999999857e+00
-1.980943300000000074e+00
-1.824036900000000072e+00
-2.157462999999999909e+00
-2.804701899999999970e+00
-2.843928500000000081e+00
-2.745861999999999803e+00
-2.549729000000000134e+00
-2.530115700000000079e+00
-2.647795499999999969e+00
-2.353596000000000021e+00
-2.118236399999999797e+00
-2.118236399999999797e+00
-2.726248700000000191e+00
-2.706635400000000136e+00
-2.647795499999999969e+00
-2.020169899999999963e+00
-2.275142800000000243e+00
-2.392822600000000133e+00
-2.353596000000000021e+00
-2.353596000000000021e+00
-2.137849699999999853e+00
-2.608568899999999857e+00
-2.471275799999999911e+00
-2.333982699999999966e+00
-2.177076299999999964e+00
-2.451662499999999856e+00
-2.706635400000000136e+00
-2.745861999999999803e+00
-2.726248700000000191e+00
-2.588955600000000246e+00
-2.726248700000000191e+00
-2.530115700000000079e+00
-2.098623100000000186e+00
-1.804423600000000016e+00
-1.863263499999999961e+00
-2.490889099999999967e+00
-2.647795499999999969e+00
-2.471275799999999911e+00
-2.373209300000000077e+00
-2.353596000000000021e+00
-2.451662499999999856e+00
-2.451662499999999856e+00
-2.392822600000000133e+00
-2.412435900000000188e+00
-2.275142800000000243e+00
-2.843928500000000081e+00
-2.765475299999999859e+00
-2.883155100000000193e+00
-2.392822600000000133e+00
-1.980943300000000074e+00
-2.216302900000000076e+00
-2.647795499999999969e+00
-3.040061500000000194e+00
-2.726248700000000191e+00
-2.432049199999999800e+00
-2.059396500000000074e+00
-2.098623100000000186e+00
-2.451662499999999856e+00
-2.569342300000000190e+00
-2.510502400000000023e+00
-2.392822600000000133e+00
-2.235916200000000131e+00
-2.392822600000000133e+00
-2.412435900000000188e+00
-2.471275799999999911e+00
-2.216302900000000076e+00
-2.216302900000000076e+00
-2.314369399999999910e+00
-2.432049199999999800e+00
-2.392822600000000133e+00
-2.235916200000000131e+00
-2.647795499999999969e+00
-2.745861999999999803e+00
-2.863541800000000137e+00
-2.432049199999999800e+00
-2.294756099999999854e+00
-2.392822600000000133e+00
-2.765475299999999859e+00
-3.059674799999999806e+00
-2.706635400000000136e+00
-2.373209300000000077e+00
-2.255529500000000187e+00
-2.608568899999999857e+00
-2.588955600000000246e+00
-2.471275799999999911e+00
-2.353596000000000021e+00
-2.588955600000000246e+00
-2.687022100000000080e+00
-2.608568899999999857e+00
-2.196689600000000020e+00
-1.941716699999999962e+00
-2.275142800000000243e+00
-2.432049199999999800e+00
-2.726248700000000191e+00
-2.216302900000000076e+00
-2.177076299999999964e+00
-2.235916200000000131e+00
-2.687022100000000080e+00
-3.020448200000000138e+00
-2.647795499999999969e+00
-2.275142800000000243e+00
-2.157462999999999909e+00
-2.843928500000000081e+00
-3.098901399999999917e+00
-2.941994999999999916e+00
-2.216302900000000076e+00
-1.961330000000000018e+00
-2.039783200000000019e+00
-2.530115700000000079e+00
-2.883155100000000193e+00
-2.490889099999999967e+00
-2.098623100000000186e+00
-1.843650199999999906e+00
-2.471275799999999911e+00
-2.628182199999999913e+00
-2.745861999999999803e+00
-2.530115700000000079e+00
-2.647795499999999969e+00
-2.588955600000000246e+00
-2.255529500000000187e+00
-2.373209300000000077e+00
-2.373209300000000077e+00
-2.961608299999999971e+00
-2.628182199999999913e+00
-2.490889099999999967e+00
-1.902490100000000073e+00
-1.941716699999999962e+00
-2.412435900000000188e+00
-2.843928500000000081e+00
-3.040061500000000194e+00
-2.451662499999999856e+00
-1.941716699999999962e+00
-1.804423600000000016e+00
-2.353596000000000021e+00
-2.569342300000000190e+00
-2.628182199999999913e+00
-2.353596000000000021e+00
-2.235916200000000131e+00
-2.314369399999999910e+00
-2.432049199999999800e+00
-2.353596000000000021e+00
-2.157462999999999909e+00
-2.020169899999999963e+00
-2.392822600000000133e+00
-2.726248700000000191e+00
-2.922381699999999860e+00
-2.824315200000000026e+00
-2.510502400000000023e+00
-2.667408800000000024e+00
-2.373209300000000077e+00
-2.726248700000000191e+00
-2.530115700000000079e+00
-2.549729000000000134e+00
-2.333982699999999966e+00
-2.275142800000000243e+00
-2.392822600000000133e+00
-2.628182199999999913e+00
-2.785088599999999914e+00
-2.765475299999999859e+00
-2.490889099999999967e+00
-2.235916200000000131e+00
-2.294756099999999854e+00
-2.255529500000000187e+00
-2.333982699999999966e+00
-2.235916200000000131e+00
-2.373209300000000077e+00
-2.490889099999999967e+00
-2.667408800000000024e+00
-2.804701899999999970e+00
-2.726248700000000191e+00
-2.647795499999999969e+00
-2.451662499999999856e+00
-2.451662499999999856e+00
-2.451662499999999856e+00
-2.471275799999999911e+00
-2.392822600000000133e+00
-2.157462999999999909e+00
-2.392822600000000133e+00
-2.412435900000000188e+00
-2.471275799999999911e+00
-2.471275799999999911e+00
-2.490889099999999967e+00
-2.392822600000000133e+00
-2.255529500000000187e+00
-2.137849699999999853e+00
-2.098623100000000186e+00
-2.157462999999999909e+00
-2.216302900000000076e+00
-2.196689600000000020e+00
-2.235916200000000131e+00
-2.392822600000000133e+00
-2.294756099999999854e+00
-2.373209300000000077e+00
-2.432049199999999800e+00
-2.510502400000000023e+00
-2.530115700000000079e+00
-2.294756099999999854e+00
-2.333982699999999966e+00
-2.314369399999999910e+00
-2.451662499999999856e+00
-2.451662499999999856e+00
-2.471275799999999911e+00
-2.412435900000000188e+00
-2.451662499999999856e+00
-2.451662499999999856e+00
-2.432049199999999800e+00
-2.490889099999999967e+00
-2.333982699999999966e+00
-2.314369399999999910e+00
-2.275142800000000243e+00
-2.412435900000000188e+00
-2.373209300000000077e+00
-2.353596000000000021e+00
-2.275142800000000243e+00
-2.294756099999999854e+00
-2.373209300000000077e+00
-2.333982699999999966e+00
-2.294756099999999854e+00
-2.235916200000000131e+00
-2.294756099999999854e+00
-2.333982699999999966e+00
-2.412435900000000188e+00
-2.353596000000000021e+00
-2.412435900000000188e+00
-2.333982699999999966e+00
-2.412435900000000188e+00
-2.471275799999999911e+00
-2.412435900000000188e+00
-2.392822600000000133e+00
-2.451662499999999856e+00
-2.392822600000000133e+00
-2.471275799999999911e+00
-2.432049199999999800e+00
-2.451662499999999856e+00
-2.412435900000000188e+00
-2.314369399999999910e+00
-2.353596000000000021e+00
-2.177076299999999964e+00
-2.432049199999999800e+00
-2.196689600000000020e+00
-2.392822600000000133e+00
-2.235916200000000131e+00
-2.549729000000000134e+00
-2.157462999999999909e+00
-2.333982699999999966e+00
-2.726248700000000191e+00
-2.588955600000000246e+00
-2.530115700000000079e+00
-2.314369399999999910e+00
-2.647795499999999969e+00
-2.941994999999999916e+00
-2.667408800000000024e+00
-2.745861999999999803e+00
-2.549729000000000134e+00
-2.392822600000000133e+00
-2.294756099999999854e+00
-1.941716699999999962e+00
-2.412435900000000188e+00
-2.471275799999999911e+00
-2.275142800000000243e+00
-2.412435900000000188e+00
-2.392822600000000133e+00
-2.490889099999999967e+00
-2.373209300000000077e+00
-2.373209300000000077e+00
-2.863541800000000137e+00
-2.196689600000000020e+00
-2.530115700000000079e+00
-2.667408800000000024e+00
-2.490889099999999967e+00
-2.588955600000000246e+00
-1.882876800000000017e+00
-1.941716699999999962e+00
-2.471275799999999911e+00
-2.196689600000000020e+00
-2.510502400000000023e+00
-2.490889099999999967e+00
-2.235916200000000131e+00
-1.882876800000000017e+00
-2.569342300000000190e+00
-2.765475299999999859e+00
-3.314647700000000086e+00
-2.726248700000000191e+00
-2.177076299999999964e+00
-1.843650199999999906e+00
-2.196689600000000020e+00
-2.863541800000000137e+00
-2.353596000000000021e+00
-2.687022100000000080e+00
-2.333982699999999966e+00
-2.451662499999999856e+00
-2.726248700000000191e+00
-2.510502400000000023e+00
-2.392822600000000133e+00
-2.235916200000000131e+00
-2.608568899999999857e+00
-2.451662499999999856e+00
-2.392822600000000133e+00
-2.059396500000000074e+00
-2.196689600000000020e+00
-2.608568899999999857e+00
-2.275142800000000243e+00
-2.765475299999999859e+00
-2.530115700000000079e+00
-2.941994999999999916e+00
-3.177354600000000140e+00
-2.275142800000000243e+00
-1.392544299999999957e+00
-1.745583700000000071e+00
-2.530115700000000079e+00
-2.981221600000000027e+00
-2.981221600000000027e+00
-2.294756099999999854e+00
-2.079009800000000130e+00
-2.098623100000000186e+00
-2.255529500000000187e+00
-2.941994999999999916e+00
-2.922381699999999860e+00
-2.196689600000000020e+00
-1.647517200000000015e+00
-1.725970400000000016e+00
-2.353596000000000021e+00
-2.530115700000000079e+00
-2.373209300000000077e+00
-2.059396500000000074e+00
-2.079009800000000130e+00
-2.196689600000000020e+00
-2.392822600000000133e+00
-2.785088599999999914e+00
-3.098901399999999917e+00
-2.530115700000000079e+00
-1.863263499999999961e+00
-2.294756099999999854e+00
-2.765475299999999859e+00
-2.569342300000000190e+00
-2.275142800000000243e+00
-2.235916200000000131e+00
-2.667408800000000024e+00
-2.785088599999999914e+00
-2.392822600000000133e+00
-2.059396500000000074e+00
-2.333982699999999966e+00
-2.569342300000000190e+00
-2.588955600000000246e+00
-2.314369399999999910e+00
-2.177076299999999964e+00
-2.333982699999999966e+00
-2.667408800000000024e+00
-2.510502400000000023e+00
-2.196689600000000020e+00
-2.353596000000000021e+00
-2.745861999999999803e+00
-2.941994999999999916e+00
-2.530115700000000079e+00
-1.941716699999999962e+00
-2.137849699999999853e+00
-2.471275799999999911e+00
-2.706635400000000136e+00
-2.549729000000000134e+00
-2.333982699999999966e+00
-2.294756099999999854e+00
-2.471275799999999911e+00
-2.569342300000000190e+00
-2.490889099999999967e+00
-2.687022100000000080e+00
-2.922381699999999860e+00
-2.608568899999999857e+00
-2.157462999999999909e+00
-2.039783200000000019e+00
-2.392822600000000133e+00
-2.706635400000000136e+00
-2.451662499999999856e+00
-1.980943300000000074e+00
-2.137849699999999853e+00
-2.549729000000000134e+00
-2.883155100000000193e+00
-2.824315200000000026e+00
-2.373209300000000077e+00
-2.255529500000000187e+00
-2.235916200000000131e+00
-2.196689600000000020e+00
-2.059396500000000074e+00
-2.137849699999999853e+00
-2.412435900000000188e+00
-2.647795499999999969e+00
-2.667408800000000024e+00
-2.451662499999999856e+00
-2.471275799999999911e+00
-2.510502400000000023e+00
-2.490889099999999967e+00
-2.569342300000000190e+00
-2.588955600000000246e+00
-2.608568899999999857e+00
-2.647795499999999969e+00
-2.588955600000000246e+00
-2.490889099999999967e+00
-2.353596000000000021e+00
-2.177076299999999964e+00
-2.059396500000000074e+00
-2.373209300000000077e+00
-2.667408800000000024e+00
-2.510502400000000023e+00
-1.902490100000000073e+00
-1.745583700000000071e+00
-2.216302900000000076e+00
-2.961608299999999971e+00
-3.118514699999999973e+00
-2.549729000000000134e+00
-2.020169899999999963e+00
-2.235916200000000131e+00
-2.471275799999999911e+00
-2.667408800000000024e+00
-2.804701899999999970e+00
-2.981221600000000027e+00
-2.647795499999999969e+00
-2.118236399999999797e+00
-2.235916200000000131e+00
-2.549729000000000134e+00
-2.628182199999999913e+00
-2.333982699999999966e+00
-2.059396500000000074e+00
-2.157462999999999909e+00
-2.471275799999999911e+00
-2.471275799999999911e+00
-2.432049199999999800e+00
-2.235916200000000131e+00
-2.530115700000000079e+00
-2.608568899999999857e+00
-2.451662499999999856e+00
-2.294756099999999854e+00
-2.569342300000000190e+00
-2.608568899999999857e+00
-2.275142800000000243e+00
-2.137849699999999853e+00
-2.333982699999999966e+00
-2.608568899999999857e+00
-2.745861999999999803e+00
-2.588955600000000246e+00
-2.235916200000000131e+00
-2.118236399999999797e+00
-2.373209300000000077e+00
-2.667408800000000024e+00
-2.667408800000000024e+00
-2.392822600000000133e+00
-2.157462999999999909e+00
-1.706357099999999960e+00
-1.549450699999999959e+00
-1.627903899999999959e+00
-2.157462999999999909e+00
-2.765475299999999859e+00
-3.334261000000000141e+00
-3.138128000000000029e+00
-2.373209300000000077e+00
-1.784810299999999961e+00
-1.980943300000000074e+00
-2.549729000000000134e+00
-3.098901399999999917e+00
-3.451940800000000031e+00
-3.000834900000000083e+00
-2.569342300000000190e+00
-2.412435900000000188e+00
-2.628182199999999913e+00
-2.687022100000000080e+00
-2.196689600000000020e+00
-1.529837399999999903e+00
-1.902490100000000073e+00
-2.333982699999999966e+00
-2.745861999999999803e+00
-2.902768400000000248e+00
-2.490889099999999967e+00
-2.098623100000000186e+00
-2.432049199999999800e+00
-2.902768400000000248e+00
-3.059674799999999806e+00
-2.530115700000000079e+00
-1.745583700000000071e+00
-1.706357099999999960e+00
-2.118236399999999797e+00
-2.706635400000000136e+00
-3.098901399999999917e+00
-2.687022100000000080e+00
-2.333982699999999966e+00
-2.216302900000000076e+00
-2.255529500000000187e+00
-2.706635400000000136e+00
-2.961608299999999971e+00
