9.547500000000000000e+02
1.182875000000000000e+03
1.224875000000000000e+03
1.041750000000000000e+03
1.291625000000000000e+03
1.953375000000000000e+03
2.122625000000000000e+03
1.846000000000000000e+03
1.586625000000000000e+03
2.909625000000000000e+03
3.411750000000000000e+03
3.426125000000000000e+03
3.391000000000000000e+03
3.576375000000000000e+03
4.099750000000000000e+03
5.126125000000000000e+03
4.932125000000000000e+03
4.816375000000000000e+03
4.955125000000000000e+03
5.166125000000000000e+03
4.887250000000000000e+03
4.235875000000000000e+03
4.568875000000000000e+03
5.249875000000000000e+03
5.969000000000000000e+03
5.952250000000000000e+03
5.571875000000000000e+03
5.497500000000000000e+03
5.327000000000000000e+03
4.838500000000000000e+03
4.679125000000000000e+03
4.281375000000000000e+03
4.055125000000000000e+03
3.871000000000000000e+03
3.851125000000000000e+03
4.013750000000000000e+03
4.001250000000000000e+03
4.039625000000000000e+03
3.927875000000000000e+03
3.695375000000000000e+03
3.264125000000000000e+03
3.478375000000000000e+03
4.000875000000000000e+03
3.817750000000000000e+03
2.977875000000000000e+03
2.618500000000000000e+03
2.171500000000000000e+03
1.935750000000000000e+03
8.072500000000000000e+02
3.192500000000000000e+02
-2.074750000000000000e+03
-1.947375000000000000e+03
-1.650000000000000000e+03
-1.425125000000000000e+03
-1.180875000000000000e+03
-1.346250000000000000e+03
-1.486875000000000000e+03
-1.201125000000000000e+03
-1.235000000000000000e+03
-1.299125000000000000e+03
-1.158750000000000000e+03
-5.565000000000000000e+02
-8.742500000000000000e+02
-7.420000000000000000e+02
-3.705000000000000000e+02
-3.815000000000000000e+02
-2.312500000000000000e+02
-1.437500000000000000e+02
-2.738750000000000000e+02
-2.461250000000000000e+02
