2.551232869058229880e+03
-3.585973204831094563e+01
-3.928970932319744946e+01
-1.258041778443379854e+01
2.183210108878448352e+00
5.782848104013797297e+01
-1.984261835686035624e+01
-4.033349064614851898e+01
-3.427317152089002406e+01
-5.718496003559948804e+00
4.675018412819670743e+01
-2.431647292709526553e+01
-1.456795663265336316e+02
-2.562461737230353265e+02
-2.339352126915049155e+02
-2.744911131361791377e+02
-2.370871486765555574e+02
-1.869189341013121179e+02
-2.039080072319309807e+02
-1.116135464200620788e+02
-6.333032043435314051e+01
-5.304583566772656411e+01
-3.621981245663813809e+01
-3.672245964079822045e+01
-5.795467983633058040e+00
-4.608059875762852187e+01
-6.605272486210912675e+00
3.918126013732932122e+00
-2.669395084662818363e+01
3.286813863119085966e+00
-5.249944728131354310e+01
8.664401063042070916e+00
-2.293480121306196651e+01
-4.330747095724786000e+00
-6.047453577393277158e+01
1.563375767265718252e+01
-4.850143700918096101e+01
-9.259916058260513338e+00
-1.834096424134463632e+01
-9.859224416130246027e+00
-8.561248737829233235e+00
-1.419330267208357554e+01
-1.437029709739194772e+01
-2.675297456381008487e+01
-2.301641081602536687e+01
2.299948426932959933e+01
-2.712572127166266256e+01
-5.493878330496157147e+00
-1.719791481088993823e+00
-3.148325422753840641e+00
-2.588459676341028981e+01
1.001651956914338015e+01
8.304949418300120456e-01
-9.772450172422235681e+00
-3.071116190139329127e-01
-2.888958682065797490e+01
1.154960690778210619e+00
1.550769009258827680e+01
-2.787687352162463839e+01
1.304818854783780147e+01
-2.589131393941728376e+01
2.796324611079665345e+00
1.865355082995169411e+01
-1.952660073681010999e+01
2.517200850140649848e+01
1.162103802946588971e+01
-3.315614781359503382e+01
4.630870541075720048e+00
5.818375432874609565e+00
-2.395715850814767123e+00
3.534703527459751804e+00
3.721074464590047093e+00
1.664078875156357995e+00
-4.589122411747291963e+00
1.945288007300659672e+01
-2.156433333544834596e+01
2.923367523880987306e+01
-1.558411500121383320e+01
-6.162595007316755691e+00
-1.225093616260721330e+00
1.646432013878101586e+01
1.698971882556854496e-03
4.589852223127149955e+01
-1.815467988418705403e+01
3.656081177758829170e+01
2.332463451761543638e+01
1.981439209151653102e+01
3.311261973772082001e+01
2.476341011626701061e+01
1.831246803719142235e+01
2.171973094633583301e+01
6.256814600571064489e+01
2.104766912401672485e+01
1.819569617222072822e+01
6.245739875135326713e+01
3.960986154011803961e+01
6.519321854138787842e+01
5.877722406248830112e+01
2.763280533176121168e+01
8.647677597347821177e+01
9.864028491034551394e+01
1.083053749726062733e+02
1.122191045953876340e+02
1.726805350672708812e+02
1.493106685485797414e+02
2.671902615009512374e+02
3.405160499080806744e+02
5.341499779934432581e+02
9.595099464790952197e+02
1.310153811009092806e+03
1.304154704992565939e+03
6.598404723467949680e+02
-1.313990520112535023e+02
1.572405666080912852e+03
3.720260919638618361e+03
1.499025105909337071e+03
1.043529195493758834e+02
-4.871637668914542019e+02
5.742111678908975591e+03
2.932814120208710392e+03
1.390217352612933610e+03
1.300482245555121608e+03
3.646219813988003807e+03
3.792137425504494786e+03
6.634176729069680732e+03
-5.042281469696011413e+02
-7.564100669123365606e+02
1.577598788229729792e+02
1.830582294819588469e+03
-2.462266691385182185e+02
-1.372830647919691728e+03
6.881382814507428520e+02
1.659530527184331959e+03
2.049509812047303967e+03
-3.182507040902245308e+02
-1.466891032081457979e+03
-2.260827912553610872e+02
-1.000368432145561314e+03
-1.578577243555006589e+03
-3.471752661794450319e+02
-9.103141262684287085e+02
-6.536520911374033176e+02
-5.934991353029574839e+02
6.213485363573712448e+02
-1.831485968683045940e+02
-9.445833541038018666e+01
1.759223302756449812e+03
1.677112825408091226e+02
-8.858925082634499404e+01
6.838438299194399406e+01
4.567241719320987613e+03
4.533281541636175461e+03
1.218757420393112170e+03
-4.282859346653038301e+03
-1.368695804575040484e+03
8.708306732274140813e+02
1.202161473438933626e+03
2.005740761902069153e+03
7.685285087711804408e+02
6.375674927673499951e+03
-1.291770355178645104e+02
2.657535927639993133e+03
1.780728351856113704e+03
2.397299266854776306e+03
1.324911085857226226e+03
-1.132641795622417931e+03
1.357862183023518583e+03
4.588530365623948342e+02
-7.545082437335086070e+02
-2.567138345580815439e+00
2.856244001213913180e+02
5.587263081877944160e+02
-4.795887786263608632e+02
-4.616792577452920341e+02
-6.343960410726499504e+02
-4.376643365111593766e+02
6.081958825472570425e+02
-2.939245461327570297e+02
-1.134110038538146199e+02
-7.009107853915452324e+01
-6.726297738096135390e+02
-1.789518575351742811e+03
-7.864876831972160289e+02
8.416816923044419809e+02
3.791986957730035215e+02
-9.447310626585515365e+02
-8.182147501046667912e+02
6.060351535341723093e+02
5.486828095798455251e+02
6.810732153241804554e+03
4.475373498755887340e+03
1.004543071102956856e+04
1.035146794664667505e+04
1.278861568587617967e+03
1.428489597981404131e+03
-6.884519810105031183e+02
5.631832177332686342e+02
-3.773375142629628272e+02
1.289313762035498030e+02
8.089308855013769062e+01
-4.337511428144939032e+02
4.819691420231350776e+02
-3.644183754220501896e+02
2.675484961476287822e+02
-3.283526256437202164e+02
2.186577340921138273e+02
-1.839422630940049999e+02
-1.295517704218133588e+02
-1.850866380942705405e+02
-5.532504269990127455e+01
-9.662987598673291245e+01
-1.359362256037504494e+03
-4.062974386878043447e+02
3.451365029161103735e+02
1.531831762758944251e+02
-2.050812698888083787e+02
-1.456874844638874436e+02
-8.441593942052365946e+02
-2.801065433361904070e+03
-4.212184952288004752e+03
-3.318448980742316508e+03
-1.724141411341179264e+03
-1.170186546548074602e+03
-8.196271296590720112e+02
-5.027924682780644048e+02
-2.669531856542545256e+02
-5.519509840383383334e+02
-5.495617117456497454e+02
-3.958041121984684310e+02
-1.836554054941974528e+02
-6.313316339886533797e+02
-1.011556750691993216e+03
-1.133868416832515777e+03
-6.632561334129120496e+02
-2.106260966554995662e+02
8.105204086452010870e+01
-1.165825707284466972e+02
-5.245340192356194393e+02
-6.740183902399232920e+02
-7.158474714299865127e+02
-7.893618418868529716e+02
-8.850162011277598140e+02
-8.890536867355140203e+02
-7.958364927554493988e+02
-6.552116179008252175e+02
-5.228954461819561175e+02
-4.274560184228498656e+02
-3.213140869707262937e+02
-2.060686925288566727e+02
-1.271528426816924622e+02
-1.710869941613055687e+02
-1.049092600682545822e+02
-7.343389240826394371e+01
-2.499913089237323760e+01
-1.023811165435487283e+02
-5.117877757732792787e+01
-2.842544079704386917e+01
-2.564753584992966040e+01
-3.742163872951621073e+01
-1.716312949816530420e+01
-1.549505393137378206e+01
-1.286406687972213803e+01
-2.773706563831191829e+01
8.926877123401993686e+00
-4.303936475840383480e+01
-2.383992793278345346e+00
1.178648206773056017e+01
-5.326376071307976900e+01
3.545746446292449150e+01
-2.106136900849895000e+01
-3.573037323117108599e+01
-3.701437880100634459e+00
-3.210601169691699397e+00
-3.465367711896592340e+01
7.162374451824824462e+00
-1.885629923677667819e+01
-2.431538719540499471e+01
1.470725216369939403e+01
-2.171347070066764928e+01
-1.409091476552993782e+01
-1.178851376269203399e+01
-3.464747767891594776e+00
-2.687449750235941792e+00
-2.948010509306497795e+01
4.033060101609235915e+01
-1.626680632551602912e+01
-8.762615111610607244e+00
-3.637529558524772710e+01
6.592557278859260350e+00
9.490015853341223107e+00
1.215963782246083014e+01
-1.560497511047248054e+01
-4.904060994203369717e-01
2.061311368831531254e+01
8.899203323098980434e+00
-7.971741397142558583e+00
-7.470505928277852092e+00
-4.355467328060260002e+01
3.369973229552550720e+01
3.045470533494618337e+01
-1.812430824967386656e+01
1.799609345587492015e+01
-1.078013890579226697e+01
-3.901726448985881746e+01
7.540956327225114109e+00
1.158267302624023642e+01
8.797132970344065939e-01
2.993900781937315969e+01
-2.690763795836556227e+01
3.280098475093758736e+00
2.176303283423683510e+01
-2.046030759413068978e+01
1.328126352180215264e+01
3.497016043328013524e+01
1.038181795974431765e+01
1.786050829595468059e+01
5.213260238754617859e+01
6.795464362380705836e+00
-4.943575259276840939e+00
3.078742986999591125e+01
-1.192529436365249751e+01
4.088228316841236420e+01
-7.998058887078798307e+00
1.315719233214831263e+01
4.539186490785453998e+00
-2.435915982830870519e+00
3.653908070080768056e+01
-9.681688922371797901e+00
4.714134890617079776e+01
5.356850300755818495e+01
-5.536525835244979987e+00
4.624018963809617588e+01
2.930166568463182131e+01
5.764928657370344922e+01
3.275448979837651819e+01
6.600920607124589878e+01
5.880286750369291582e+01
1.086005730937673235e+02
7.148704406136658918e+01
1.110620419328987651e+02
8.445722716150339693e+01
1.522109838663467940e+02
1.610445021792694433e+02
2.242391089045192984e+02
2.396336208865300819e+02
3.360400556577195630e+02
5.015193868269582254e+02
6.490566090269404640e+02
8.285199051174407714e+02
9.362709667436899963e+02
8.880858669706459523e+02
8.246860132432461796e+02
7.278023760969128944e+02
1.719132065414655415e+02
-2.782396329967840529e+02
-3.898560380333776720e+02
-1.293186007657611754e+02
1.135185935769241041e+02
1.324957487780324072e+02
7.842653780583128764e+01
-2.033048868337048702e+02
-1.110788794649482440e+02
-1.947790154153165076e+01
1.216118948103254951e+02
8.014735144755493934e+01
2.005297851199625825e+01
-8.910389490809438939e+01
-6.004436047228413287e+01
-4.056939334996040998e+03
-1.705680947256586660e+04
-1.776703903285583874e+04
-8.678770688008438810e+03
-5.231323130574003699e+03
7.331520836061940827e+00
4.303351552643744071e+02
-2.169489865003607520e+03
-2.410548015860408668e+03
-2.709501493598399520e+03
-2.110870701291822570e+03
-1.553137746743403113e+03
-9.683258362087769910e+02
-5.848224833436488552e+02
-3.406994950882380522e+02
-2.051307641226501914e+02
-1.188719569657196047e+02
-1.161611647434237966e+02
-5.934753003347334754e+01
-6.890777856066557661e+01
-1.454262937402401867e+01
-5.151262070882384592e+01
-8.323120052267519497e+00
-6.988283754299955319e+01
-5.840888814385326810e+01
-4.463976329890414263e+01
-4.008134605416923790e+01
-1.827814043418927881e+01
-3.048577541931972945e+01
-4.324653099664283218e+01
-2.301902857546290448e+01
-2.135192743693902884e+01
-1.253241341167011313e+01
-1.689666721473402333e+01
-3.456806593856680365e+01
-2.326200995672156679e+01
-4.341030044754739414e+00
-9.419258759478807974e+00
-2.711309504883367083e+01
-1.013489973265347466e+01
