4.811343882501105895e+00
4.194344092895125886e-01
4.978354812396716678e-02
4.712394975679633224e-02
3.862858966066744226e-02
1.330160029770647012e-01
1.345552020278103778e-01
8.930681926249887936e-02
2.370677713903083794e-01
1.504504402927540896e-01
8.371696037570043603e-02
1.001112073487737814e-01
2.949000208575432436e-01
1.221753138830162372e-01
2.255747655351079684e-01
1.785058403051464071e-01
1.826343265828862528e-01
1.542542183334262851e-01
2.228531904022008070e-01
2.120885307456757130e-01
9.726787387026678000e-02
2.549166966220801633e-01
1.146483067545477491e-01
1.240457203738012659e-01
1.184208558816772366e-01
6.341512256039856521e-02
1.310625238205093412e-01
1.480472994551130517e-01
2.448169114409614808e-02
7.918281697691838261e-02
8.683985739055005704e-02
1.798657227713655604e-01
1.332242730920731866e-01
4.877704461187911539e-02
1.360906645254579550e-01
1.506678418347197346e-01
2.267575566227488515e-01
1.612733287028834950e-01
2.802329140976991262e-01
1.396008062219866452e-01
2.645157317575645983e-01
3.129321343399137922e-01
3.779558010638028875e-01
1.768754376912198278e-01
2.486577027494191738e-01
4.085410692279314304e-01
3.136595227184192369e-01
5.518006719758791201e-01
3.753924280592619289e-01
3.385361224522378532e-01
2.095361927332125840e-01
2.422141810004007356e-01
9.034373591005774584e-02
2.202533004337373645e-01
1.833391424566208627e-01
1.937630571783804101e-01
1.735525737206463359e-01
2.185610065628878496e-01
3.167124003141609800e-01
6.591203233045074550e-02
2.526565769252004379e-01
7.252210057250571551e-02
3.124207230316821127e-01
2.573677284352475225e-01
2.970268606180997972e-01
2.331016562558658189e-01
5.470775457814512632e-02
1.121060626445516406e-01
1.290165184809958787e-01
2.530820994352118714e-01
1.116597031145551006e-01
1.742227339120634710e-01
1.310993899041246469e-01
2.103797722345507049e-01
1.643889603682581468e-01
1.587498501962724684e-01
2.836928375496824972e-01
9.648222795701075216e-02
3.157610152423797611e-01
1.797388955396332089e-01
3.273250798708636222e-01
4.758405735672030512e-02
2.788713361274996472e-01
1.480612031436852050e-01
3.532350684175277755e-01
1.261793425825059323e-01
2.660133789373652635e-01
1.464901859197798029e-01
1.470379171444950173e-01
1.753263849478485792e-01
2.083436867519635471e-01
1.948205158441816687e-01
2.603053215016299937e-01
3.146331908458684379e-01
1.965908250312527750e-01
2.234510677868942197e-01
2.322518961233753787e-01
2.017201247002161912e-01
1.931461634288952067e-01
1.986309115296455985e-01
2.585459976115895842e-01
1.749959881999326727e-01
2.325154176035005293e-01
2.816786435074898343e-01
1.752825455241285579e-01
2.311406286700815882e-01
2.093444895939594042e-01
2.738858244195372382e-01
2.003806371985141777e-01
2.994708870302248971e-01
9.704879010137958117e-02
2.078158893495536397e-01
1.494045670322595998e-01
3.021324336078503592e-01
2.566593063745933323e-01
1.265856628761710678e-01
2.222537084237119209e-01
1.076255048789186847e-01
1.879022147369145967e-01
2.317530881202261583e-01
2.978596185117287631e-01
3.931720016169200083e-01
1.451040738708108124e-01
1.193252879657663856e-01
1.750962365306760748e-01
1.283869127104158292e-01
2.452847391416158040e-01
1.348346678066997817e-01
2.873302342401706788e-01
9.305720880742991696e-02
2.396561524749176442e-01
2.815786444022066459e-01
1.807444372145765865e-01
2.279934207543219127e-01
3.234871931317454541e-01
3.127362487165153415e-01
7.838621293691605540e-02
2.215112232299897566e-01
3.406563454526478352e-01
2.917261312457101186e-01
2.749724118433313769e-01
3.597623172480367559e-01
1.936300600209314715e-01
1.808672008375051543e-01
2.025847217713553083e-01
1.654595904258105155e-01
2.144846488746519342e-01
1.325069538933019153e-01
2.213600140214780632e-01
1.562968366224275762e-01
3.069405373544045745e-01
2.676954872153907150e-01
6.302529830517593357e-02
1.980463239126347696e-01
9.270716464328317141e-02
1.560809728443449118e-01
2.633277029455333706e-01
1.639507099457333805e-01
2.847189887378003270e-01
2.127836203050743613e-01
2.917161390723763126e-01
1.452839280297688607e-01
1.436258311451670266e-01
1.274042359914529521e-01
6.209911269387055621e-02
1.969758684708472485e-01
8.650056683219238540e-02
3.617616687500446737e-01
1.186286807449838110e-01
1.732561018553460119e-01
4.155163942765869312e-01
9.370790135110088070e-02
3.600271656606719439e-01
2.225141488046327998e-01
3.113029647624825369e-01
1.883312107687612480e-01
1.531796993495372905e-01
2.058623124812283267e-01
1.293368808254224123e-01
7.204728450407485441e-02
1.773074510304510076e-01
1.261003667513370674e-01
2.552288552152213175e-01
7.923700163183376721e-02
1.631757260476404958e-01
2.574873697892595126e-01
1.623585419216111991e-01
2.419485521044161536e-01
7.558904970411930990e-02
1.564249793851753279e-01
4.238623073651045375e-02
5.993883375552065684e-02
1.670359868578676354e-01
1.990509699114655362e-01
2.446125960246957332e-01
7.622852219259844408e-02
7.937481700928737671e-02
1.764009293820281432e-01
2.082071588863594891e-01
1.743376550438154038e-01
1.105854862724257315e-01
2.097783297275790659e-01
1.660317170847412649e-01
8.909711721611821011e-02
1.439264641039694481e-01
1.840660259919539576e-01
2.129940569527562222e-01
8.757259921612092768e-02
2.104262293555258512e-01
3.124702605482360465e-02
8.366780925775933742e-02
9.483736326248502768e-02
5.497884137385947168e-02
1.120033685785059019e-01
6.020312610900606376e-02
8.981039758432586562e-02
5.565864156389111611e-02
3.805273173091846400e-02
1.393281720921502043e-01
1.037539397072315406e-01
1.893439961182952214e-01
2.081805552390619818e-01
1.254776622283128584e-01
1.142467182497279993e-01
9.086914410159059596e-02
1.679004326735803743e-01
2.775825036937809021e-01
9.669255821896148573e-02
2.381013699957749419e-01
1.192632176652000109e-01
7.943288666383875596e-02
1.169913865465545960e-01
1.048606626944777187e-01
8.237862348213366437e-02
2.971890556813128886e-02
8.281932879812264892e-02
1.525099611921470200e-01
1.241971765476184292e-01
1.495806999180178121e-01
1.413290975499669200e-01
9.124804463039057345e-02
2.384867855244822976e-01
1.088173568638779731e-01
2.445873260654074233e-01
1.788530464865828173e-01
2.271693274457595169e-01
1.247538804989250377e-01
1.817214816479012784e-01
2.083568529505185618e-01
1.379030157496770881e-01
2.034683639968553892e-01
1.010543587141185112e-01
2.557933247859022763e-01
1.531042092329732152e-01
1.897683416690183755e-01
3.453367624464522279e-01
1.984394809599603626e-01
1.388803464807787102e-01
2.844205346236697851e-01
1.879821847113276045e-01
7.459650845614826387e-02
1.680877299705657857e-01
2.541898338332136409e-01
2.004376845016039577e-01
1.193549691725083323e-01
1.038741974260602025e-01
1.881184503045928436e-01
1.044574434350697967e-01
1.595528603465778683e-01
9.297222293620020783e-02
1.116601471538908041e-01
2.206655735420489650e-01
6.916205167711639290e-02
1.828708302933908236e-01
4.619903343714540367e-02
1.158929508550589071e-01
1.460611550560486360e-01
1.325530274459475744e-01
1.047657753543360520e-01
1.278146132593267481e-01
2.790369086145331745e-01
2.446244096596107143e-01
1.066440807248687644e-01
8.607849489808243326e-02
1.937347644853068540e-01
8.058871775150669436e-02
1.069614874957559164e-01
1.035422380794413927e-01
1.138089649912161355e-01
1.798000730731603158e-01
6.057632765624444693e-02
9.117374818229767586e-02
1.133629201757008487e-01
1.533935341550580478e-01
2.606128644315514609e-01
1.831687328302365747e-01
2.381549493600165213e-01
1.499408644969982274e-01
1.228421060942543053e-01
2.592107267870190079e-01
7.231431770241110446e-02
1.582055836557268169e-01
1.105153147226580340e-01
8.871972787309000130e-02
1.327120558392567984e-01
1.438464925982442244e-01
5.281034409341475722e-02
9.720932923572739304e-02
1.178164036820542604e-01
1.934047247070979636e-01
9.962509516185244496e-02
7.184575920066001153e-02
2.331654674016285511e-02
3.875091757161044231e-02
1.264245020019841570e-01
7.214184176093318968e-02
1.001244484724240214e-01
3.554594576049002058e-02
1.414887009354644787e-01
3.493992611765744244e-02
1.348784457511938983e-01
1.284962133463779244e-01
4.479788060029732399e-02
1.082777344354142052e-01
1.118043558302764251e-01
9.198055066571929339e-02
8.567233292008538670e-02
9.130341511513273556e-02
2.480039875029527510e-02
1.209236597191590129e-01
6.160654631668017328e-02
8.479051378398518024e-02
1.150167678552222045e-01
1.719112534085937838e-01
1.691227116437811484e-01
3.349002697791932104e-02
3.150716984103071189e-02
5.029872106043743740e-02
1.133124223493367222e-01
4.036901145172820671e-02
6.461605526562314017e-02
7.124703085434641592e-02
5.262646334622721883e-02
1.728107013978732731e-01
5.084561559352317184e-02
2.123235553548115731e-02
6.642597894739545039e-02
8.549551727948589974e-02
1.130101540450094283e-01
1.193195456988746100e-01
2.123674843943242352e-01
1.402953075424015483e-01
1.281457096147432251e-01
2.336443058681158258e-01
1.312295500197271647e-01
1.222350492144329108e-02
1.095950662488637400e-01
2.297121406364996954e-01
1.492815451285013362e-01
4.265211945552613293e-02
9.358947093043225307e-02
1.640607422292152395e-01
1.279246383173017199e-01
1.425811606122093789e-01
1.270945978211663330e-01
2.944847417821137153e-02
1.121283404019638857e-01
1.359114024451343050e-01
1.718965866384318253e-01
3.550864120154800241e-01
1.145465169444123549e-01
3.174617017341492820e-01
2.749249670200010209e-01
1.596158630696903613e-01
2.613867293313206774e-01
1.326822992193359696e-01
1.912211244178430303e-01
1.283758952606637860e-01
5.804930156299308031e-02
1.252404760748977164e-01
3.560063378699852010e-01
1.522514161289837131e-01
1.810034051051289672e-01
2.865862272481429773e-01
1.644663026346475376e-01
1.059184946421202617e-01
1.533254252011970742e-01
1.132881134875708962e-01
7.914509062479985202e-02
1.077284101913043995e-01
2.040364193308991658e-01
1.908696407487964763e-01
6.154022592575037615e-02
2.750620478914325706e-01
1.756633598879228653e-01
1.411967428549529557e-01
2.188511374973907686e-01
9.931887811396893084e-02
1.553563803414926558e-01
3.381124100731128235e-02
1.754232558107505779e-01
1.622943094286715127e-01
1.624260615144760278e-01
6.999894065227431350e-02
1.371594106766323984e-01
1.587327945635738091e-01
1.265514105498547204e-01
1.019449622072117895e-01
2.011973381996021437e-01
1.722984275253338915e-01
1.094466229584051264e-01
2.607989756921128555e-01
1.645829280933680805e-01
4.736579459750516613e-02
1.014437450870375318e-01
1.351384806721819543e-01
7.071193529809043088e-02
3.598248680809717354e-02
1.126711381428509573e-01
5.194240939505204158e-02
4.006672900838312984e-02
8.429402655038534253e-02
1.263105015224538497e-01
1.500447327032960187e-01
9.950583834952470008e-02
2.222024232808950395e-01
1.907502043495271360e-01
2.040344070385930741e-01
1.487882943946857994e-01
2.628740319122720437e-01
9.760328894913303244e-02
1.924576840011289203e-01
1.464823364181468690e-01
9.585302298650907882e-02
1.902651513061622834e-01
1.248448450830270534e-01
9.205742102991515408e-02
1.273581934274682359e-01
1.880789789952888313e-01
5.828917506478253907e-02
1.049613006403194437e-01
1.393930025600995659e-01
1.975595097644719245e-01
1.494698007958419339e-01
1.120746996143521246e-01
1.868036833958217624e-01
2.092768655370149944e-01
1.544220879035096972e-01
1.886941755709097834e-01
6.291192665893047264e-02
2.723522870743069202e-01
1.120839284658455698e-01
6.322245222200986725e-02
1.801547989478821110e-01
1.588004960884107364e-01
2.475941307550723613e-01
1.063326674463590665e-01
2.714053311518859202e-01
2.384626960794459238e-01
2.175837361458007879e-01
5.245649353441640683e-02
1.024978231064780226e-01
4.823814056200580180e-02
1.192130105154904085e-01
1.075307622943624392e-01
9.010025461315208928e-02
1.377908625313597479e-01
2.115469347803997091e-01
1.645457564791311111e-01
2.345670162721641694e-01
5.818693367129794403e-02
9.067229579306707032e-02
1.115252517279916172e-01
2.439235011138314591e-01
3.298568790507083737e-01
2.924156854860322091e-02
4.061611311418957260e-01
1.076265939152615814e-01
3.463008283576430868e-01
7.312558877157364357e-02
1.325029358701439175e-01
2.202724172209336584e-01
1.210340430156233021e-01
2.244723660010455868e-01
1.914894639134144261e-01
2.047613711020344063e-01
1.727681110444788115e-01
2.670827663956345521e-01
6.396936531703029116e-02
4.244267553433554441e-01
1.618843713677643181e-01
1.920582671245884276e-01
1.331610526814289708e-01
1.373883747350631568e-01
6.006366565985526984e-02
2.153744107454586831e-01
1.174723609731035678e-01
1.576476169393653814e-01
1.260688914199679933e-01
7.787045997088065663e-02
1.444552704411411481e-01
6.023663468463318765e-02
1.243842705685124644e-01
1.313163041074231763e-01
1.598929247159850964e-01
2.115071237117074066e-01
1.271965660529357223e-01
1.114233695764230009e-01
2.680837992801085590e-01
2.927586954944472186e-01
1.062233946301970461e-01
3.115213010302235741e-01
3.301289700215924716e-01
1.851060090543820147e-01
3.562524819244068941e-01
2.023194476359655436e-01
1.105390110663598685e-01
2.157280604666006185e-01
2.987525109392904499e-01
1.597467573685032172e-01
1.869997950409543752e-01
1.710290349235130125e-01
1.930123391374249098e-01
1.177857882529984995e-01
2.461314664749365000e-01
3.030563574227177273e-02
1.230661086477875810e-01
9.976923737683840443e-02
1.733911015595057947e-01
1.037203369710349155e-01
2.018679942636877334e-01
9.603305217392013593e-02
7.620730680929561907e-02
2.145174021456993652e-01
2.050636959534157533e-01
8.910791441950344227e-02
2.167556246160766698e-01
1.432538793007430977e-01
1.169021839771200999e-01
9.933916456018407337e-02
5.390423913519435534e-02
1.409834705115653175e-01
1.953711372001441793e-01
1.003838178886777566e-01
1.934930945367625832e-01
2.104319373886082423e-01
4.906508162065981865e-02
1.019286839554730817e-01
1.140884642150750555e-01
6.772432858182846072e-02
1.211189621704947122e-01
5.090667195765940373e-02
9.510906009535721739e-02
3.649384554697143734e-02
2.939738440083907930e-02
1.037658956335168470e-01
2.554127922964827269e-01
2.631272541773057028e-01
1.828135038540102952e-01
3.156400673732068229e-01
3.419933549379893800e-01
7.954288362653997302e-01
1.116025374268799775e-01
1.217784368445094245e-01
2.109749958094639943e-01
9.008975494228115000e-02
7.285684542344512959e-02
5.953040686508104251e-02
6.181458575644761810e-02
1.146240888945630476e-01
5.107956717585661333e-02
5.774127291808023310e-02
1.494139357481120145e-01
1.277502229244733833e-01
2.708804289184574832e-01
1.595705799766991007e-01
1.955726825445456007e-01
1.537631998425453839e-01
1.992587554279472983e-01
1.177135123132336259e-01
2.415228613558708104e-01
1.659916573382561877e-01
1.505672308906567947e-01
3.351062736022328847e-01
3.301961991808131103e-01
2.946788769731054081e-01
1.680756765331076763e-01
5.240654865462412992e-02
4.856771570389659121e-01
4.917075990473543934e-01
2.470666516551155156e-01
4.050239885989437294e-01
4.277547457592442148e-01
5.070716075725167915e-01
3.505209054372323552e-01
3.277549250653120638e-01
3.532843503414131447e-01
1.723871659822276692e-01
4.861394395790778478e-01
2.963719100744505175e-01
9.848508270509558071e-02
6.888507483415130805e-02
2.263260108917617142e-01
1.840483753575093140e-01
4.921296006268331413e-01
3.968793751564032024e-01
2.041570673395496638e-01
3.806194794077045196e-01
6.089727484264435553e-01
6.110823625288009930e-01
2.923512857078672256e-01
1.108484732558939201e-01
1.360700207336814904e-01
3.763642614418711285e-01
4.445174888517913203e-01
1.834273571848086259e-01
7.146545268256222494e-01
5.906312706789920153e-01
2.814863871181232380e-01
1.551015755336101754e-01
2.937700821908815763e-01
1.831271026064410223e-01
7.918170752446600236e-02
9.634701907459015946e-02
1.057243391008019645e-01
3.845333920303523056e-02
1.423538095568886996e-01
3.873193373629924691e-02
1.077697826610446719e-01
2.933710998654808291e-02
3.231989893522921320e-02
5.693113313192658953e-02
4.919152991087838434e-02
5.696185510740166963e-02
4.959360912404547211e-02
9.786577816357308612e-02
7.983776088678257166e-02
6.875049870153746023e-02
1.873468093314720889e-02
6.784334958922552672e-02
1.205264949379874495e-01
4.911005640048178578e-02
4.170892077486079014e-02
4.897927830787167369e-02
4.204660335599123139e-02
8.213418860393773002e-02
1.107303650969714282e-01
6.933726799435048493e-02
9.839245804647442362e-02
6.880336870275438610e-02
9.851319582998024904e-02
7.400898009699767577e-02
3.420469198393036314e-02
6.037916189023741220e-02
9.575820990646431718e-02
4.837528582732155552e-02
7.394380478683452995e-02
1.820260009731962114e-01
8.365445553707792636e-02
6.055396461620575488e-02
9.065878327785092949e-02
5.178732226042842557e-02
4.579160529772009075e-02
1.133935394510191680e-01
2.012630055768244164e-02
1.385233381205588088e-01
4.997707785472516040e-02
8.668685193844888337e-02
6.837230028105809043e-02
1.803894408827238227e-01
8.265588175442291352e-02
7.694849750782731257e-02
5.144122049987354811e-02
1.080721136050382253e-01
1.345574554927115307e-01
4.031947860985379134e-02
8.507576665310803699e-02
5.817160577354438949e-02
1.993010676052096586e-01
3.775241537170650336e-02
1.228424643097794089e-01
7.362413460409443500e-02
8.401385037450996573e-02
1.026995904119586966e-01
6.063485911350038199e-02
3.471755496413150843e-02
6.297930712057990543e-02
4.071486275338380423e-02
1.630754167315923431e-01
1.875570022591296626e-01
6.191430065435308411e-02
1.107221707366965735e-01
8.714023820304813220e-03
2.592020904854478586e-02
4.998725098689209279e-02
6.134193425308196584e-02
6.779707033891059498e-02
5.652609608126788615e-02
5.129532049414511213e-02
2.580460886390751815e-02
5.132949991472798151e-02
6.937357968207810699e-02
7.997776392812504243e-02
1.000484982607664081e-01
2.836487074998304825e-02
5.967009542932590060e-02
2.323367213575017187e-02
4.938417099220810541e-02
1.432282892589591961e-01
1.309797407628947585e-01
4.603757370370527985e-02
7.346548273376883598e-02
9.356870269046910216e-02
8.968388338911113811e-02
7.243535257519950754e-02
1.341720287482283669e-01
5.106091622345182435e-02
1.342432470729887362e-01
7.924433155958057751e-02
3.892081063616683462e-02
1.144801073306025152e-01
9.413296231435326622e-02
2.509567144130112754e-02
6.477636029612199309e-02
7.422273643571021540e-02
9.836333373817103543e-02
4.910121209588013541e-02
7.289780172442138217e-02
6.528316519964547093e-02
7.683140282623511508e-02
7.181664318576652661e-02
1.203778610129466881e-01
8.354067403814227633e-02
5.130539451295029751e-02
3.384250218825793355e-02
4.007719894390871646e-02
7.531911357659219763e-02
9.199854535708329450e-02
7.926496427235144027e-02
7.760923005192495172e-02
6.840096646332266550e-02
1.121314375773657668e-01
9.693211530687750876e-02
1.085360847829741626e-01
5.809145618988476728e-02
6.464208795290414533e-02
5.323571600843255563e-02
9.378154161061545702e-03
9.589268576523191090e-02
1.127560591350585673e-01
8.061800363490032040e-02
7.659749914779878655e-02
1.145149487094728469e-01
3.181086431390035829e-02
6.072547957094424909e-02
2.786592075768284590e-02
6.847273980002142879e-02
6.402620862721170036e-02
4.214753777726942124e-02
7.715421827220476925e-02
4.874127298357152499e-02
9.416904906377603079e-02
9.030974540214484203e-02
7.278110486835794035e-02
9.321202159314022351e-02
1.048458206453426050e-01
9.860284757990690763e-02
9.834345903687180535e-02
1.204070822871714380e-01
1.190937412361484371e-01
6.962104693334654482e-02
1.831503934121027077e-01
2.926061192217951912e-02
9.179334114899498354e-02
3.027974780723055592e-02
4.305168279948549254e-02
6.642720632629672828e-02
9.564864971868014543e-02
8.598532073849325663e-02
6.335152879189406838e-02
9.597176883039600093e-02
9.278236262034529613e-02
1.534228114260302311e-01
1.618179934928729302e-01
1.222208565555745058e-01
1.201392092975736847e-01
9.723185012508360481e-02
6.476930528688222555e-02
1.065588505243061646e-01
7.556339445109938602e-02
4.851139883142844833e-01
4.065872660343709533e-01
6.049841804675011314e-01
3.642959619268247851e-01
4.018740696269501034e-01
3.253429140875273573e-01
4.278613301069916774e-01
4.072786981317810251e-01
2.272116482282589278e-01
1.671636542782542131e-02
1.713725883517137893e-01
5.798831709586830391e-02
1.309011004231337705e-01
4.377164177530245420e-02
1.334212518668501657e-01
1.620760167329015067e-01
1.236003471741756871e-01
6.226076639759520193e-02
8.898367621498079472e-02
3.534314003299325602e-02
1.058306574558723206e-01
1.216936688325891136e-01
7.576377626094414619e-02
4.686983963920900165e-02
1.592037099666718247e-01
9.386765650660917892e-02
4.061119640963516825e-02
1.099450537206628220e-01
8.275492612465423781e-02
8.407232893752986103e-02
1.110943991600254616e-01
7.944642440203322775e-02
9.847462767096896996e-02
5.686670676221978332e-02
5.579705821773946195e-02
1.057287481557215442e-01
4.123144376014526574e-02
2.532880555221434654e-02
4.488769046892631537e-02
5.105106813556774259e-02
1.016876504471382892e-01
6.504798154215719885e-02
3.046891791577540851e-02
1.590733937402422360e-01
8.303278393618469810e-02
5.896014332219007975e-02
5.434271102500154438e-02
2.089543482321746734e-02
8.707776097701624973e-02
8.758711087008048957e-02
8.295871185112965729e-02
1.421024954271095930e-01
7.276661513204898957e-02
9.533590336201545890e-02
1.289868019095037621e-01
3.669080914307223246e-02
1.169521954104952577e-01
1.063078424138204359e-01
1.523467223417390159e-01
3.420402268960397174e-02
1.306431791942856691e-01
8.448708216427307238e-02
4.183575858441457990e-02
1.679219849961250122e-01
3.146856261656987702e-02
5.740697807449047368e-02
8.453185191942319543e-02
7.723457817514148283e-02
7.689560917684609698e-02
9.890801333681190077e-02
8.882953951198467590e-02
8.889245571047424410e-02
1.022605117664315000e-01
7.472411379591270553e-02
8.790157224177236328e-02
8.125441766702748425e-02
3.631213294290951826e-02
3.005444566163772285e-02
8.197878897365484807e-02
7.655643121271073215e-02
8.655594865811376548e-02
9.312714540702220212e-02
5.848342182236702241e-02
6.526540091847669867e-02
1.005416557047048992e-01
3.804964813630864334e-02
6.464321510896126055e-02
4.062786079064019396e-02
1.250826657519322760e-01
3.671263759069465227e-02
3.682658346804551508e-02
1.452985927668871968e-01
1.443007267918769154e-01
5.729370859839735125e-02
1.658610589496839760e-01
1.519635923890156615e-01
7.039570054356865392e-02
1.256407929934117151e-01
4.629163610510413779e-02
6.547754038694605927e-02
2.953965649456772105e-02
6.649594212819782968e-02
8.162770566481909740e-02
5.522766208629877049e-02
1.242475520053546445e-01
1.083092904981700216e-01
5.799874298122644628e-02
6.259286601548673390e-02
8.131641329400715601e-02
4.215305717322396367e-02
9.645802406624445768e-02
6.098906250113075855e-02
2.061811437775399811e-02
5.803947910855979109e-02
2.842089073533052290e-02
1.362455890419958793e-01
1.435948429823353800e-01
1.078755730303015692e-01
1.155591979454590607e-01
9.095990116945205928e-02
1.286116630731574395e-01
1.206411149162138069e-01
9.738408176216056811e-02
5.314100355702275347e-02
1.072862775541057051e-01
4.485727554174716997e-02
8.505964176901051332e-02
2.880027258683183836e-02
8.344851769693301113e-02
2.833653501980951117e-02
8.889580503761454477e-02
9.585731775643503705e-02
4.837771123458188549e-02
7.410442644195629203e-02
7.622727867259164458e-02
1.376213361078836572e-01
6.730241216311472208e-02
7.401678934748241734e-02
3.582853365835181325e-02
2.917697610108208398e-02
3.883376200229623348e-02
1.887688113796461842e-01
1.364106189145565251e-01
5.186514265469368418e-02
1.285464729777892334e-01
4.935041170792411891e-02
6.096110201549741203e-02
2.001344946757603327e-01
1.240837852212838821e-01
1.904601582952530070e-01
2.140833773755317637e-01
2.481271524427114961e-01
2.376808369299527601e-01
2.485758652784635370e-01
3.461449896055919795e-01
2.469941932943031937e-01
4.322005564740611927e-01
4.582752035614868769e-01
5.399158124440549544e-01
9.955992806105193882e-01
9.659559509998806304e-01
4.994137025331226165e-01
2.543468195262987286e-01
1.366202730635396045e-01
1.277226007482526182e-01
3.088281263815457200e-01
1.337784413761248237e-01
8.248417457879160253e-01
5.288184319179661808e-01
2.964778823970457555e-01
2.697518299769060546e-01
9.749676664152347183e-02
1.669832120490343796e-01
9.539160949936014156e-01
7.760624806677073328e-01
8.461391503070286868e-02
3.105211358763710905e-01
3.769688846389823156e-01
5.074277332527214746e-02
1.156150406038704281e-01
5.809615656922884064e-01
8.995105118407418221e-01
2.037787160175255907e-01
1.604837668100458081e-01
4.650534320509538966e-01
4.310323999913699411e-01
5.680155439550190755e-01
3.241904884120266894e-01
3.952257961857551516e-01
2.466220213477157697e-01
1.608513960119182795e-01
8.501078880511643565e-02
2.719454366623767494e-01
2.328068999988559817e-01
4.097394645449778383e-01
2.147130378679303897e-01
6.545417791244241279e-01
2.101397740346993004e-01
5.724646986831153361e-01
3.536507337466642809e-01
1.781618901978603842e-01
3.075545298229936386e-01
5.616985224042253533e-01
7.315780524980722843e-01
1.393806838919090518e-01
3.737715076684141047e-01
1.573599883958976819e-01
4.057697843789982023e-02
3.874642539144677877e-02
7.462738502610254121e-02
3.020131991341933053e-02
3.159843667603863537e-02
7.693440051890569620e-02
7.721109472684870023e-02
1.002527656583328819e-01
1.019837182797088820e-01
1.842548408274465588e-01
1.011380394900134316e-01
9.397559275622723030e-02
7.246956630076906158e-02
8.105702020579347300e-02
8.110212120801417457e-02
1.261943984045116873e-01
1.466371707723519158e-01
3.840252971527546855e-02
7.320789421973408762e-02
1.548180332578300011e-01
6.154494319404076041e-02
4.453704743459807602e-02
4.251674258139155615e-02
4.635145840786172172e-02
1.392900686261809851e-01
1.354668817555294558e-01
3.716232026706024066e-02
3.544029342744024758e-02
1.276579767914360897e-01
5.492518029715114103e-02
4.247927312185958981e-02
1.156384372070662775e-01
8.206071383865967683e-02
4.789555773101591279e-02
5.429877504550657125e-02
2.442920751576477256e-02
5.717212805115272356e-02
3.961688617081114000e-02
4.358214389511388259e-02
7.536639308652073876e-02
6.294841462117824193e-02
5.476248719390612585e-02
2.790769827538490400e-02
9.156782047527795010e-02
2.291334587499658029e-02
8.739754635916537062e-02
6.529577149535939484e-02
8.114104111441645950e-02
8.445549759712001059e-02
9.075080715715501400e-02
2.276645744559577592e-02
4.316687157293161436e-01
2.507705278586364717e+00
2.496338475511941102e+00
5.950602533887061618e-01
3.320107928054648605e-01
2.514337237292392224e-01
1.335781614637480685e-01
2.899140095946379780e-01
1.693006358330615413e-01
1.385003829769727024e-01
2.873783431723911930e-01
3.131653646959506321e-01
1.215821645417492769e-01
1.206599656903890039e-01
2.588504619826365594e-01
2.482234709941098794e-01
1.066003159834155306e-01
9.370857301086220337e-02
3.354534636956459925e-01
2.107751822406314646e-01
6.676888709497361685e-01
3.900165013841037642e-01
3.445860810284038789e-01
2.730172716766876562e-01
2.544284817119562558e-01
1.055063144084687349e-01
1.712992620124599574e-01
7.795257374377768944e-02
1.058598885768376324e-01
6.932231707547137356e-02
4.100804690022868265e-02
1.189969436632964395e-01
1.144571815245590818e-01
1.462699210880909484e-01
8.213262961640371840e-02
1.064341796703549142e-01
1.583972282480488047e-01
4.403480957923461975e-02
7.914807228445017162e-02
6.192199979024522183e-02
1.050486052798495495e-01
1.237823494835122717e-01
6.235911625084734899e-02
9.904585698769419189e-02
1.328408486746738004e-01
1.565745120818113137e-02
5.828522064561326294e-02
7.325752387427977852e-02
7.893725887233346561e-02
7.793963723665293941e-02
1.238626437430151855e-01
9.453850018609681605e-02
4.716938660215708179e-02
4.703513375857057421e-02
8.691327368443008128e-02
8.122999263424568461e-02
9.797457874745442441e-02
4.672633749567845635e-02
6.028194463695740052e-02
5.674940478710888137e-02
6.290170054883451045e-02
5.044072993836038604e-02
8.023916354820238850e-02
1.336799877893820321e-01
8.720060896068193568e-02
1.143034406835790606e-01
1.141875838764488810e-01
9.996729652314120806e-02
7.088949237589971253e-02
1.504055164065073447e-01
5.622236608011172559e-02
1.213645645956316355e-01
1.101612021278619014e-01
5.841648573601016664e-02
7.177765468327185205e-02
6.976573812957684306e-02
8.845012372046301419e-02
9.541333821766717627e-02
7.261281219231079109e-02
8.219364804774693944e-02
8.230852304426398980e-02
6.558827801073949249e-02
1.207257149932089713e-01
8.862888530325060965e-02
6.968492345973484325e-02
5.568651901037635632e-02
1.224618733827654848e-01
8.777841559640027491e-02
1.247593875423010090e-01
6.162332537085099537e-02
4.172590596375740785e-02
2.790813142672936287e-02
2.613092025367318855e-02
9.954492543883528000e-02
5.354077942843589455e-02
7.880146863191558881e-02
8.928155900565445946e-02
4.229768953249455482e-02
1.214621486114546983e-01
8.320093895724932354e-02
9.511016511259487438e-02
6.295729851000543553e-02
1.708364910465017539e-01
1.537044398680444401e-01
9.484671181154370745e-02
8.120861254644526350e-02
7.280088782285007443e-02
1.046375988218281178e-01
4.834354949365233384e-02
6.716117950963312877e-02
6.913124220849746482e-02
5.720377029304730271e-02
2.090955011903529448e-02
5.585962646752855310e-02
1.279457565273421638e-01
6.494235521928502786e-02
8.542238738730564829e-02
1.015400629485509049e-01
3.797043797320182740e-02
5.358021874711590277e-02
9.970782193257239634e-02
7.615314173362512651e-02
1.140690423985188801e-01
6.695437123844782956e-02
9.002716361318165161e-02
1.178222215876875423e-01
1.172983055885989806e-01
7.347826814034096043e-02
6.604718189998698419e-02
6.331697898810934033e-02
1.313604234152556116e-01
6.050686834817706888e-02
8.851537510515064544e-02
1.012444953855530932e-01
1.600398110085805570e-01
4.778649807260521715e-02
5.131768000162492682e-02
1.153258622727612454e-01
1.950722995183229100e-02
1.371460259746156707e-01
9.681787830608756806e-02
7.512487575898131598e-02
1.665557103849415188e-01
6.312003551916332833e-02
1.914313578133323424e-01
9.186243571036355193e-02
8.254626863284512950e-02
6.997747240068802332e-02
8.913713256018861164e-02
7.227625467342166377e-02
2.290706036277112834e-01
1.473554125536831461e-01
9.668532321152778497e-02
1.333760352800102411e-01
4.522984486985635877e-02
1.199522671075691216e-01
1.315722500606761602e-01
5.663161016603838332e-02
1.211524647809629485e-01
1.153115715896148447e-01
6.867701184346572396e-02
7.920089965306635615e-02
1.480058597266682985e-01
4.784969999909208932e-02
7.344503585513281751e-02
5.689687248158758343e-02
7.935501727230800939e-02
6.070175843114870157e-02
1.483631530047371250e-01
4.814281882122944944e-02
5.153663175818039982e-02
8.806089183235824014e-02
5.173460952219051390e-02
5.393959025284994491e-02
8.894016558137696205e-02
9.809504176560691902e-02
4.288536177345014799e-02
4.036476041791751956e-02
1.160075821733855955e-01
4.430498133057026583e-02
6.090770781420119795e-02
7.236670612896180244e-02
1.261307215538841897e-01
1.326760513022957055e-01
1.277185204715076405e-01
1.990070912002188663e-01
1.161852807235452395e-01
1.094009400347444455e-01
1.592792439027952145e-01
1.382773721399681577e-01
1.465352484948040657e-01
1.000296389758047882e-01
2.375314206193799571e-01
1.309886077269095672e-01
1.429252022522405630e-01
1.183405600615789199e-01
1.961841645519664390e-01
9.515275401729142435e-02
1.047907530140825133e-01
1.746952588862575595e-01
6.648395719319469266e-02
1.201284617767122143e-01
1.062352936531099495e-01
6.930880733582250874e-02
3.690899730487380570e-02
1.215666676515549105e-01
8.407022310776167406e-02
1.405535514628621641e-01
9.269042806011820734e-02
2.312221793043460483e-02
9.448734205381288664e-02
7.448156647977895173e-02
1.152825657399949855e-01
3.229751540441058721e-02
8.089208085919744051e-02
1.138703233347974075e-01
6.659440981584555108e-02
1.042269606106869667e-01
1.639903157066546421e-02
4.969712365077603999e-02
1.238062231439095162e-01
4.290615499472043293e-02
3.874151472732367818e-02
2.188886454810851090e-02
9.098391178116277400e-02
5.292088218477682127e-02
5.399567493016232955e-02
6.849889118033816726e-02
8.883228536627639504e-02
2.902762090635314929e-02
5.913502814865009144e-02
7.458801691805180822e-02
8.522655539335323438e-02
8.195493146294724474e-02
7.926782445022682866e-02
7.572578783349004361e-02
6.980791449156369122e-02
1.295121041284568453e-01
6.588258148853053109e-02
4.235338860255445648e-02
7.527277511056869319e-02
8.186575066954175639e-02
8.946677727248664169e-02
6.300138960575533964e-02
8.252647407178725913e-02
9.241011142413409207e-02
5.954212416576579875e-02
1.257810007937811558e-01
4.701766364504357532e-02
1.527146035456581619e-01
1.536597993949242180e-01
4.223770342202958633e-02
9.027869486564424339e-02
9.547393061684522619e-02
1.130232963316344097e-01
4.230453671236313745e-02
1.197159423234243764e-01
3.631397711479580903e-02
2.863389192263539676e-02
3.923491435878583011e-02
2.406419313725451092e-01
8.194277180428116703e-02
1.003466698912520716e-01
1.181501749200449813e-01
2.745664103001939638e-01
8.379369840630694621e-02
3.521609572475223882e-01
7.515834042457070208e-02
1.310746207026342036e-01
3.453047315035787657e-01
7.850827327539051936e-02
1.962941866176890759e-01
1.545596263302443374e-01
1.282540455139603297e-01
1.296914883142660790e-01
1.631006006467271008e-01
6.106412523430629347e-02
2.148630406977290186e-01
1.342028587388975347e-01
6.438276400341319539e-02
7.595935144554850915e-02
1.499038340940741232e-01
1.674216131584735645e-01
1.287100460992877393e-01
1.918931217471933903e-01
2.651288795775558760e-01
3.536303421017026882e-01
5.261792429362900647e-02
2.722915315543456352e-02
9.587442782305809208e-02
1.203810668850061327e-01
1.567863134747161658e-01
9.824018671202035258e-02
6.036324429273297321e-02
2.378132088523145782e-01
9.039122763415395612e-02
9.348379139373248770e-02
1.423928900279336773e-01
6.116084272420782564e-02
1.447774111302247979e-01
8.831341349491188264e-02
1.312424709508717979e-01
4.051722555467108383e-02
2.264845647206459867e-01
4.684967465696750905e-02
1.266919847443000458e-01
6.143961832613450275e-02
2.181774505388939522e-01
7.711227620481563017e-02
5.466279245329624947e-02
1.516238666697504456e-01
2.721779383100113997e-02
1.029747250179783302e-01
1.210919057950309990e-01
2.519708308597099489e-01
5.351390043975676886e-02
6.796178560396282098e-02
1.053020202014028212e-01
5.344077005636647948e-02
1.002868462202518574e-01
3.987510058829047549e-02
5.346388982571863985e-02
7.679208372081945677e-02
6.386198707061817303e-02
8.035787464860646989e-02
2.006666918675070466e-01
6.016556951935797537e-02
8.155176026293929625e-02
1.085113191243754216e-01
1.172113353711353445e-01
1.639555844664176143e-01
1.841239540668878905e-01
6.736511304227438268e-02
1.399741585389326637e-01
1.422812976256237205e-01
1.265418900157149751e-01
6.204697195851428815e-02
1.250252255370748466e-01
1.062937057062895985e-01
8.448406668419070065e-02
8.735461261790837539e-02
1.527736863986343674e-01
1.516808075425082336e-01
1.104538281897963908e-01
7.018199483434402197e-02
2.333986113784564387e-01
1.665638966410648292e-01
6.001342465129161363e-02
1.192549807608027229e-01
2.656170034555198622e-01
1.216675550056365573e-01
1.947105035310055521e-01
1.988797461244704579e-01
1.026677558946623992e-01
2.206512170942110940e-01
1.504902106101037862e-01
2.877750336912033302e-01
1.630692868241662152e-01
8.897514276920344412e-02
1.912814710341957936e-01
9.727347101745056901e-02
1.128921384680828949e-01
9.738594240047500350e-02
2.439149126660959677e-02
2.151735779670566340e-01
1.554847269546087984e-01
1.905133110388621542e-01
1.932439311314566033e-01
9.963550996417984418e-02
7.824919803167133814e-02
5.285969669644426799e-02
1.129837710444298732e-01
9.573806383766642059e-02
1.049182674650370878e-01
2.970097634618713844e-02
6.553799305684801513e-02
1.617219102925846752e-01
7.904156782226590128e-02
1.595392177971211300e-01
8.174722057436088762e-02
3.857374116109332784e-02
4.346741594176307261e-02
9.454219881966331729e-02
1.096083633152134112e-01
4.264984017940216809e-02
1.944056049607919001e-01
1.078147415007241067e-01
5.962599493138816958e-02
7.632378998911082402e-02
1.476668756809693950e-01
1.329367969801513727e-01
1.823031348482847813e-01
1.046740202466431985e-01
7.471826405938772342e-02
7.247572894859717618e-02
7.716463217541309760e-02
1.360928224958072585e-01
1.901019254281117732e-01
1.429147625951095735e-01
7.642523734323071471e-02
8.864839437879075412e-02
1.048865311591665322e-01
4.264202300864031181e-02
1.204650435981875073e-01
1.440768204122110097e-01
1.701620742940134490e-01
1.501399253647020537e-01
1.548623376890541359e-01
2.214776916533292839e-01
6.691917840011991914e-02
1.227062868072876650e-01
4.347959710646959186e-02
2.682765383490862132e-01
1.343042450750962513e-01
1.704494744224296365e-01
2.228303913381870505e-01
9.667834447402200160e-02
2.134311137167385353e-01
2.168849535965457764e-01
1.332498153163779453e-01
1.375398615904243060e-01
1.148251193157316802e-01
1.098298298714935478e-01
4.518653238045092918e-02
1.089411437590674658e-01
9.232861106745149371e-02
1.106944714578994571e-01
1.285586375074999343e-01
1.555757628697109485e-01
8.837210043571734619e-02
7.307070678920835061e-02
2.076156792244513161e-01
5.455669629562510947e-02
7.842070198836979811e-02
1.636156601096026009e-01
9.491563521010000504e-02
9.710118328709788083e-02
7.935726705063279873e-02
6.415841547091992447e-02
1.605221035930449736e-01
1.323635977804306640e-01
1.079397342156888095e-01
1.554365985897019076e-01
8.880546435553347828e-02
1.769637404442634399e-01
1.077929198943133327e-01
2.091962872992161326e-01
1.314816296658451178e-01
8.710213039793192336e-02
2.875713710450147204e-02
1.067754094339241067e-01
5.488680687631201233e-02
6.049429564730598313e-02
1.274151702822440002e-01
1.596295385272077372e-01
5.399439328556600304e-02
7.625298954354972625e-02
1.394254054905615103e-01
1.088517395964272022e-01
4.388261578695778348e-02
4.061634168805453721e-02
1.618575059744950806e-01
8.343249472732404415e-02
9.531429151029145730e-02
9.198955951629382566e-02
2.233079305461615691e-02
1.047899467991260519e-01
5.263321638289712723e-02
1.307421197059727425e-01
9.114734534431824520e-02
8.056119245526324746e-02
1.451257920247581157e-01
8.613310590808057055e-02
9.529181989068870318e-02
1.300246366617327787e-01
4.586724186271922549e-02
9.001367255169528958e-02
9.008308343200979729e-02
2.377368765752000679e-01
2.110833050057272231e-01
1.427195331032808656e-01
5.250662707800728135e-02
1.999521035663430757e-01
9.093090821430681314e-02
8.208245419238516249e-02
9.323789811591248755e-02
2.075776429698752701e-01
1.250909252881893530e-01
8.935047618389627133e-02
2.060710721398356648e-01
8.226106079044306907e-02
1.281743473750829865e-01
1.145373864509566381e-01
5.540441844253957832e-02
1.146624031328679488e-01
1.312497703246071068e-01
1.082875666120964309e-01
1.540386880984371265e-01
1.797423745463133105e-01
8.689337466295028733e-02
1.151890948826819749e-01
6.986217480668159563e-02
1.045889629693726036e-01
1.628757266102469070e-01
1.513573918212100800e-01
1.021044707280222424e-01
1.351036701063972612e-01
7.469568636905089820e-02
4.674962762316566683e-02
1.211355863838502189e-01
1.227044059388087971e-01
8.078308984023600814e-02
8.924083746262928551e-02
7.283445493305050478e-02
4.667973552210253479e-02
1.339349182026184637e-01
4.360813303819789655e-02
1.136849593022565413e-01
7.677900120983185972e-02
1.938532180104565739e-01
1.370258020927747900e-01
4.859615979766230415e-02
1.323489053312132402e-01
8.600521960173238001e-02
7.280686425747168178e-02
1.105159588713243851e-01
3.251335110311222298e-02
1.346578082567248535e-01
1.519810925686295722e-01
2.902217305247557777e-02
3.929228323126068845e-02
5.691200476808000452e-02
9.589411276470947987e-02
1.612507960472475965e-01
1.434529520853641271e-01
1.998008001133799449e-01
7.256765851707730475e-02
4.847594731309397276e-02
1.405827694521641080e-01
8.841998294538828962e-02
4.793127132377524025e-02
1.006297944603869524e-02
2.683098794331591555e-02
9.289411753171175623e-02
8.397560866804174018e-02
3.243687553628236964e-02
1.246107548785394120e-01
2.978500586823664906e-02
8.358999859805119059e-02
2.856490772102771372e-02
1.295846613787295099e-01
4.713388270431106974e-02
5.886567146918876559e-02
7.210154867001696000e-02
3.791836888410032164e-02
5.693076299765025688e-02
3.574270737644592855e-02
1.090641600440080405e-01
1.283518475001111936e-01
4.026360457944939270e-02
2.253416619446640956e-02
1.648643585256367727e-01
1.884738360485157527e-01
7.165749117218291053e-02
1.490760856083430119e-01
1.745700313765959633e-01
1.671957175667400652e-01
6.509680956651940631e-02
1.338027601335555761e-01
1.121442701733662145e-01
8.731463470090654322e-02
8.751208508053602564e-02
1.286365058686979312e-01
1.204513813252971882e-01
1.541401128979865420e-01
2.745299310524924596e-01
6.101236886646047020e-02
2.232011134763469962e-01
2.657127392516709929e-01
6.041302551828232892e-02
2.569851051284748888e-01
4.068998059415434576e-01
8.871775724581458522e-02
3.113123129644609355e-01
2.508203318416633576e-01
2.993534103125314871e-01
2.959559629614831877e-01
9.105565801221529587e-02
8.378027794688923391e-02
2.034866003221724728e-01
7.387722034988304654e-02
1.698826901431939040e-01
1.353025891931501357e-01
1.529201193498635203e-01
4.618231184970106318e-02
2.326574721218847563e-01
1.727054859053014924e-01
1.418231835571284183e-01
1.315587607808702819e-01
4.572950625481599779e-02
2.132540308412248509e-01
1.317972885604749567e-01
1.669316728385180637e-01
1.887036316182724993e-01
1.102016575487925337e-01
1.428617029837489227e-01
1.187170004832222014e-01
1.078980360269731487e-01
1.309838424601677542e-01
9.883903458796647334e-02
1.613722531957750839e-02
1.320424575098066433e-01
1.218290594323260118e-01
1.798411486797279468e-01
1.315150509794437428e-01
1.422467520443275457e-01
1.450882746856272387e-01
1.931888113049790023e-01
1.564552090816253016e-01
2.474108130751360157e-01
2.057309194879020642e-01
2.142805927136171018e-01
3.101866053867796680e-01
1.363540987621034428e-01
1.781313332072103073e-01
1.812408456133944024e-01
1.881365569163251650e-01
2.660097421060922396e-01
1.078429220785419862e-01
1.622276990566164645e-01
2.573069490404369941e-01
1.532192614986751245e-01
8.225235830993295194e-02
3.232925457961597360e-01
6.134653232873048950e-02
1.663864742380429251e-01
1.151815138688828122e-01
1.895567723119346570e-01
1.673567721557338017e-01
1.504605412414319887e-01
9.363824270912059211e-02
2.139574522393669909e-01
1.845829003417893965e-01
1.462339719633753143e-01
2.695717872838902518e-01
2.997816428275096312e-01
1.251276631989904631e-01
8.371579346858594450e-02
2.304052241293610415e-01
1.242581745714542163e-01
4.945606634585546918e-02
3.438008594880185287e-01
1.779767975442038130e-01
2.140257538041754615e-01
2.418228044234466412e-01
1.685293674981838130e-01
3.586880624462245870e-01
1.081035569949502506e-01
2.490293850448134783e-01
3.666755568860614600e-01
1.444127261748119340e-01
1.836954110142927366e-01
1.615575260169717087e-01
7.729078781850863555e-02
9.757722676371362314e-02
2.015883777153995582e-01
1.297513232418271711e-01
1.553121028801451586e-01
4.166584336634919783e-01
1.442478513972743071e-01
2.019939727893470538e-01
4.052029270288771690e-01
2.386630557064402802e-01
1.160007708533574711e-01
1.244111320480468658e-01
8.633869450375375454e-02
1.167617365722221218e-01
3.312766120894670707e-01
2.377399634416893226e-01
1.584762025375653083e-01
1.817209503663809733e-01
3.382918283081007838e-01
2.163656342558359924e-01
1.399950508557591955e-01
6.008408806812086389e-02
2.127850645506993710e-01
1.367644535106781745e-01
1.586185955023024230e-01
2.573624867835990204e-01
2.162156234187593007e-01
8.248481242171976091e-02
3.535226221936051405e-01
1.156638251491061559e-01
1.571159225499648704e-01
1.787002437366537189e-01
7.782034655608348339e-02
1.791631153376389840e-01
3.930143926051005154e-02
2.189136808852979177e-01
7.603358304454245487e-02
2.493755847553545402e-01
2.955326523248921200e-01
9.988584272179913681e-02
1.412299380742268184e-01
3.317136629407934079e-01
2.601846407653621296e-01
1.404577711208944979e-01
2.584230464092581170e-01
2.328861662481946093e-01
2.621486628464157476e-01
1.781105783350880600e-01
2.701603004771138128e-01
1.164910908104421911e-01
2.225827816154862249e-01
1.132119624984477685e-01
3.277422809109656332e-02
1.461977839222767528e-01
1.920225116663822895e-01
2.112248202541973652e-01
6.755048811891023464e-02
1.643017811522637650e-01
2.067631649510858760e-01
9.523894641050821563e-02
2.231850057698283318e-01
7.887827398777280674e-02
1.267054865623060134e-01
1.259337793298796471e-01
2.320308521217840092e-01
1.597580542558108829e-01
1.544623752389481797e-01
2.433543681285867122e-01
8.767211859516614580e-02
1.413274144449502556e-01
1.866656493225024860e-01
1.893928902199646658e-01
2.371400920493434983e-01
1.590822284429851408e-01
4.405200271488252800e-02
1.812590201450416660e-01
5.511866892504066473e-02
7.664370734424003073e-02
9.692210259504975556e-02
1.411332726030913587e-01
1.057250788644147899e-01
8.024149205697615750e-02
2.128071119321451321e-01
1.600948762302710215e-01
1.885793168712360246e-01
1.209339513700119495e-01
1.766073471497426606e-01
2.964362493515567687e-01
1.151259113646544846e-01
4.002291195347814495e-02
2.709785969909895287e-01
1.777059396219729803e-01
2.055253685515879836e-01
2.434253274725449168e-01
1.271657175345050350e-01
4.435479970234118552e-01
1.725360053504252089e-01
1.744899220768504344e-01
3.524597471864222564e-01
1.638160681071505198e-01
7.590859790550344433e-02
3.002590837309124239e-01
1.534943294886547405e-01
2.208912652164891632e-01
2.230589848515930063e-01
1.468977988368348753e-01
3.281463767125230580e-01
6.131791383754615909e-02
8.669401676648451349e-02
1.502079782569792077e-01
1.312429147919013661e-01
5.939876165154003157e-02
1.527109263115482007e-01
7.443291498744766810e-02
9.281719467440381621e-02
2.830651436521799957e-01
1.863807822958967741e-01
5.495831180123522675e-02
3.053460703884486871e-01
1.402531198365455922e-01
2.257229913594864801e-01
2.997367456741883429e-01
1.231076508072461856e-01
3.433627781947962698e-01
2.716534608195247391e-01
6.197228860356698843e-02
3.353423662538515537e-01
1.110165361199960121e-01
6.394715690328690860e-02
2.257263784550181951e-01
8.889223166946320920e-02
5.404298292678998139e-02
1.882691348226016581e-01
4.946293006027449590e-02
1.943967317314828358e-01
9.209128177638403745e-02
2.046574087633667716e-01
1.465434803983263756e-01
1.349920366736663269e-01
1.236744930974971735e-01
2.357346937913042950e-01
1.127684526648799895e-01
1.615210954514782471e-01
2.455884935688688042e-01
1.861491920716191184e-01
2.372637007606667042e-02
1.244826658585055645e-01
5.118871429688601205e-02
1.381792176934743543e-01
1.514746566522021387e-01
2.255948999742387606e-01
1.181642995439457916e-01
1.918816809290073699e-01
1.327259620297865372e-01
7.781539926875859214e-02
1.150178039816454056e-01
6.663882091738783375e-02
5.186931922663227251e-02
9.975479340220641533e-02
8.052060761458762483e-02
1.182642132647991479e-01
6.244269566382037312e-02
5.377513671244069093e-02
1.398405571330257613e-01
1.230824484714091449e-01
5.686104590593493713e-02
4.143251311302190154e-02
3.906575722193755124e-02
8.928405253790316909e-02
1.316151550233151390e-01
1.604467174274396835e-01
4.957451330396295958e-02
1.099097951218173524e-01
1.754156980382955491e-02
9.237333487006541000e-02
1.162232018522404292e-01
7.041083993618478531e-02
6.567206057747920767e-02
2.714672692150240166e-02
6.260770834092065085e-02
8.858048556593428602e-02
6.808005105420940339e-02
7.382322532204245447e-02
1.069065608619571700e-01
7.197074809646845928e-02
5.984276143241906709e-02
8.938703581566094514e-02
6.956593424423862526e-02
9.263381774093916443e-02
1.252406588676983623e-01
9.966262836315227525e-02
8.254565006555866780e-02
9.759690142685599479e-02
5.966186201717726956e-02
3.811625747962364003e-02
8.873235317755077955e-02
3.051061868430731544e-02
3.907928871790049968e-02
5.767810728455417119e-02
2.999730238426765241e-02
1.024352685885422803e-01
3.540661650756742745e-02
5.800041757275311433e-02
8.441939843354323569e-02
6.683556751055855227e-02
3.652695179987959506e-02
5.021891771256952602e-02
6.704080860472903802e-02
3.902487247927911157e-02
3.509195541079948577e-02
2.760938962374789168e-02
7.596266951171530557e-02
4.375484291364884620e-02
2.890338435297443859e-02
4.319642360608708792e-02
3.505091730687289603e-02
1.001877256675156452e-01
9.755381643214190712e-02
6.565006236783155202e-02
9.336788894144328055e-02
5.757850712998453108e-02
5.332335516596879016e-02
4.535140847563880889e-02
2.941599750386653805e-02
5.030504324651417086e-02
5.891248195395896309e-02
7.936900151300282924e-02
4.603545873675353450e-02
1.059230428215694603e-01
7.607126239801065282e-02
1.044993051802537154e-01
1.435505498255509604e-01
1.471321794348827428e-01
1.559189298854920802e-01
1.182777018872922525e-01
1.801293177056988437e-01
2.160784604176188006e-01
9.794653633373084922e-02
2.068982906960464829e-01
1.811372859648066047e-01
3.592573803086345774e-01
2.436554136643293844e-01
3.388348147713198810e-01
8.995963767483190487e-01
1.452673844892165889e+00
5.585133051112410874e-01
6.606339681671747899e-01
4.601453643795099802e-01
1.624475652441609574e-01
1.995082689129843712e-01
3.843928108091654305e-01
9.823527915863837501e-02
1.691770136642881950e-01
1.148978835013055450e-01
2.070875581615010119e-01
1.340234091735730826e-01
6.468343444784503682e-02
8.772907935710681782e-02
3.167901224512206793e-01
6.426503715824162244e-01
4.512354983497320893e-01
3.483432719008549006e-01
5.864200675875866908e-01
5.995493813644673375e-01
9.119325624254849272e-01
5.325064758617601424e-01
2.757196630542775306e-01
2.126425323602268713e-01
2.524259628404839639e-01
2.668926907178319555e-02
2.437643889080643722e-01
2.033278863017462523e-01
3.599692227455307814e-01
3.144842468525669843e-01
4.507533075589923999e-01
2.951839851146624283e-01
5.311080741563408703e-01
1.934239994034224197e-01
3.905369949033621890e-01
8.332394264463487410e-01
5.873919479615442585e-01
7.645972156223846961e-01
2.305092287225366243e-01
1.292938844549185728e-01
8.289924912163250115e-01
7.359968096526933179e-01
2.216604096263183332e-01
1.286198823933481783e-01
4.183438587456344560e-01
2.360280892896360061e-01
5.149056650615171371e-01
4.045357700959402170e-01
1.304545306598165200e-01
2.705269730348494606e-01
6.418025159602039897e-01
5.984966274076710668e-01
5.896856330874538088e-01
2.090200180178486689e-01
4.836242544134020105e-01
6.828566986463717736e-01
4.075368909887590596e-01
2.320588051490539427e-01
3.561774263490571357e-01
2.407886756059025579e-01
3.673087628446861097e-01
3.221475199928627853e-01
2.099571853767443486e-01
2.012633487808777322e-01
3.019033446187825431e-01
3.210490567214491220e-01
4.303279341744107311e-01
6.019095610925976336e-01
3.572553909559240126e-01
2.280676590989528518e-01
3.057784429633091383e-01
7.175253723580118925e-02
1.085478368772765517e-01
1.408336419615542345e-01
2.303791935545259906e-01
1.810018240506313381e-01
8.782463697726257401e-02
2.107515122645808592e-01
1.563999826209609423e-01
2.955966148351861222e-01
3.644440451407598425e-01
2.959325219517915939e-01
2.512594584395049790e-01
1.647964954456685449e-01
2.252772374917878517e-01
8.938950985241349290e-02
2.108330557743189893e-01
1.131269417569252256e-01
1.874127212491150385e-01
1.965966040786293334e-01
2.851704706176307891e-01
1.521962650661025929e-01
1.223998404562755410e-01
1.841020801570821264e-01
1.196230558305334674e-01
1.648512916348021662e-01
2.190154595916686264e-01
1.168944088052752822e-01
2.378994992449631751e-01
2.174650774072599269e-01
2.982227496173008863e-01
9.803314921050049202e-02
3.117952600100589722e-01
2.610953561484722907e-01
2.260955942350093562e-01
2.534260827840448260e-01
1.350330054276829284e-01
2.125881935271252687e-01
1.573678935958821024e-01
1.782334257915694775e-01
1.252938026181197317e-01
1.115888268231104291e-01
1.370460945906173122e-01
1.740889799539981353e-01
1.920610933436068535e-01
2.254679176695586762e-01
2.855060385023900360e-01
1.080896737925608198e-01
2.369099851132500101e-01
1.339786375473730751e-01
2.054779924752103970e-01
2.570034096014282010e-01
1.025525815146515335e-01
2.069740531155436769e-01
1.434593159691496256e-01
5.228216973098298581e-02
2.583436253696942408e-01
9.358502577766222852e-02
4.739033208613057518e-02
1.280536501780547842e-01
1.259341224807510595e-01
7.788320080128595391e-02
1.469347549602194325e-01
1.346605892671520199e-01
8.379411638024451825e-02
1.478395486378016321e-01
8.437347201616089698e-02
1.323953079084221052e-01
1.167561667807859027e-01
1.383726079361161931e-01
1.348129098449231955e-01
1.207640492180423603e-01
1.080660148722506070e-01
1.566808744117995922e-01
1.821348571397175264e-01
1.022049635058525363e-01
1.695831452970238684e-01
1.046766317967283838e-01
2.178974777284082009e-01
2.011619908912234966e-01
1.993039069098964666e-01
3.423935721182702618e-01
1.332274076135315788e-01
2.795564694642865833e-01
3.438909727653600701e-01
1.439294935935114816e-01
3.663251491694584083e-01
2.327362937257408393e-01
1.334510552773003622e-01
1.236787983903441107e-01
1.542047843239447713e-01
2.295416647169956081e-01
1.851994063763701959e-01
4.090615083190026757e-01
2.685310847263775447e-01
1.328451031270300176e-01
2.816353276278140139e-01
1.832993403543075606e-01
2.029313067510350732e-01
1.799883392742905874e-01
1.786773989880645896e-01
1.620965207859172141e-01
5.867798661583271957e-02
1.797575671134963582e-01
9.956402258467640654e-02
2.156631706723100561e-01
5.860116871372605951e-02
1.802690032174212031e-01
9.243857648634035140e-02
1.967031978796218439e-01
1.580309601256404128e-01
2.430539695625814900e-01
1.506678997764347161e-01
2.054465795869980238e-01
1.526159274410051336e-01
1.466803184393098702e-01
8.602627440989552010e-02
1.963600805064689703e-01
6.606392543929935635e-02
1.741189479271662288e-01
1.925720668638155886e-01
1.104522101606536938e-01
1.261250056662724384e-01
1.050611842926318373e-01
2.034327723155583689e-01
1.200658466536202451e-01
2.052834399321988856e-01
2.876604004707429274e-01
3.570019005647085408e-01
2.450941237726417254e-01
1.798697538651311545e-01
3.501730771885244731e-01
3.831011271279495811e-01
1.375203797601269595e-01
3.688852992648644635e-01
2.360604974709405168e-01
2.155330986918934377e-01
2.684657202961071576e-01
2.042088118639877048e-01
8.298702738727918582e-02
2.104986587587417690e-01
1.254818808682739706e-01
3.387039321074282183e-01
3.467183221503429835e-01
2.822942191990251981e-01
2.350629959737362829e-01
1.891289505566995377e-01
6.278029053105509127e-02
2.352461386371606511e-01
2.687577611905254127e-01
2.421084826457411132e-01
2.978471212344683261e-01
1.096000596705141578e-01
2.905381761755082559e-01
3.755883935029665222e-01
1.069654230276374379e-01
2.428010630620226207e-01
3.251478416440889418e-01
1.862025986326407423e-01
2.239318057864568279e-01
2.186590160793881188e-01
6.918134061520417322e-02
3.581045685599230227e-02
2.433531017975827382e-01
1.363660320116567848e-01
