3.903800000000000000e+04
3.897600000000000000e+04
3.892100000000000000e+04
3.886400000000000000e+04
3.881600000000000000e+04
3.882700000000000000e+04
3.881500000000000000e+04
3.876200000000000000e+04
3.877100000000000000e+04
3.878200000000000000e+04
3.877300000000000000e+04
3.879000000000000000e+04
3.874600000000000000e+04
3.873200000000000000e+04
3.873500000000000000e+04
3.873200000000000000e+04
3.870300000000000000e+04
3.868200000000000000e+04
3.864000000000000000e+04
3.861900000000000000e+04
3.864300000000000000e+04
3.861900000000000000e+04
3.861500000000000000e+04
3.860000000000000000e+04
3.862200000000000000e+04
3.859900000000000000e+04
3.860300000000000000e+04
3.858500000000000000e+04
3.856800000000000000e+04
3.860100000000000000e+04
3.855400000000000000e+04
3.858000000000000000e+04
3.858300000000000000e+04
3.858300000000000000e+04
3.854500000000000000e+04
3.855000000000000000e+04
3.853500000000000000e+04
3.852900000000000000e+04
3.854200000000000000e+04
3.854900000000000000e+04
3.856500000000000000e+04
3.853600000000000000e+04
3.854300000000000000e+04
3.851700000000000000e+04
3.849800000000000000e+04
3.851800000000000000e+04
3.853600000000000000e+04
3.853100000000000000e+04
3.854900000000000000e+04
3.855400000000000000e+04
3.854000000000000000e+04
3.854000000000000000e+04
3.853300000000000000e+04
3.852700000000000000e+04
3.855200000000000000e+04
3.850900000000000000e+04
3.854100000000000000e+04
3.853600000000000000e+04
3.850600000000000000e+04
3.852000000000000000e+04
3.848500000000000000e+04
3.850500000000000000e+04
3.851500000000000000e+04
3.851200000000000000e+04
3.852300000000000000e+04
3.851200000000000000e+04
3.849200000000000000e+04
3.849100000000000000e+04
3.849100000000000000e+04
3.853300000000000000e+04
3.849200000000000000e+04
3.850900000000000000e+04
3.852800000000000000e+04
3.851800000000000000e+04
3.851600000000000000e+04
3.853100000000000000e+04
3.856400000000000000e+04
3.851300000000000000e+04
3.850800000000000000e+04
3.851100000000000000e+04
3.853300000000000000e+04
3.849700000000000000e+04
3.855900000000000000e+04
3.851200000000000000e+04
3.854200000000000000e+04
3.855200000000000000e+04
3.853000000000000000e+04
3.853800000000000000e+04
3.854400000000000000e+04
3.852900000000000000e+04
3.854200000000000000e+04
3.860500000000000000e+04
3.855800000000000000e+04
3.857600000000000000e+04
3.859600000000000000e+04
3.858700000000000000e+04
3.861500000000000000e+04
3.861900000000000000e+04
3.864500000000000000e+04
3.867200000000000000e+04
3.867200000000000000e+04
3.870400000000000000e+04
3.872700000000000000e+04
3.875800000000000000e+04
3.881600000000000000e+04
3.890100000000000000e+04
3.896100000000000000e+04
3.905500000000000000e+04
3.913600000000000000e+04
3.923800000000000000e+04
3.938200000000000000e+04
3.961500000000000000e+04
3.994700000000000000e+04
4.019800000000000000e+04
4.044200000000000000e+04
4.062000000000000000e+04
4.100400000000000000e+04
4.139300000000000000e+04
4.114000000000000000e+04
4.103500000000000000e+04
4.116700000000000000e+04
4.130000000000000000e+04
4.181900000000000000e+04
4.208100000000000000e+04
4.234400000000000000e+04
4.236700000000000000e+04
4.250300000000000000e+04
4.241500000000000000e+04
4.272400000000000000e+04
4.336100000000000000e+04
4.499300000000000000e+04
4.453300000000000000e+04
4.336200000000000000e+04
4.260300000000000000e+04
4.243600000000000000e+04
4.265800000000000000e+04
4.276600000000000000e+04
4.269500000000000000e+04
4.324000000000000000e+04
4.354500000000000000e+04
4.427900000000000000e+04
4.466900000000000000e+04
4.500100000000000000e+04
4.561600000000000000e+04
4.478000000000000000e+04
4.478700000000000000e+04
4.577400000000000000e+04
4.622700000000000000e+04
4.707100000000000000e+04
4.895300000000000000e+04
5.182900000000000000e+04
5.313600000000000000e+04
5.435700000000000000e+04
5.455600000000000000e+04
5.522300000000000000e+04
5.805100000000000000e+04
6.012400000000000000e+04
6.666700000000000000e+04
6.958200000000000000e+04
8.562900000000000000e+04
8.501200000000000000e+04
8.588500000000000000e+04
8.628300000000000000e+04
8.704000000000000000e+04
8.860100000000000000e+04
8.832900000000000000e+04
8.844900000000000000e+04
8.888400000000000000e+04
8.864300000000000000e+04
8.807000000000000000e+04
8.559800000000000000e+04
8.737300000000000000e+04
8.639600000000000000e+04
8.430000000000000000e+04
8.376700000000000000e+04
8.286000000000000000e+04
8.298200000000000000e+04
8.319400000000000000e+04
8.306300000000000000e+04
8.089700000000000000e+04
7.965000000000000000e+04
7.789000000000000000e+04
7.665700000000000000e+04
7.583500000000000000e+04
7.516600000000000000e+04
7.504200000000000000e+04
7.440800000000000000e+04
7.430100000000000000e+04
7.560000000000000000e+04
8.844500000000000000e+04
9.196800000000000000e+04
9.262400000000000000e+04
9.776900000000000000e+04
9.866200000000000000e+04
9.907000000000000000e+04
9.920400000000000000e+04
9.906300000000000000e+04
9.928400000000000000e+04
9.909100000000000000e+04
9.924200000000000000e+04
9.907100000000000000e+04
9.919400000000000000e+04
9.921200000000000000e+04
9.915800000000000000e+04
9.919600000000000000e+04
9.916600000000000000e+04
9.925400000000000000e+04
9.914400000000000000e+04
9.925400000000000000e+04
9.918500000000000000e+04
9.917500000000000000e+04
9.902400000000000000e+04
9.901500000000000000e+04
9.906000000000000000e+04
9.904800000000000000e+04
9.904500000000000000e+04
9.903900000000000000e+04
9.904100000000000000e+04
9.907900000000000000e+04
9.904000000000000000e+04
9.903700000000000000e+04
9.898100000000000000e+04
9.904800000000000000e+04
9.904500000000000000e+04
9.902600000000000000e+04
9.907900000000000000e+04
9.900900000000000000e+04
9.903200000000000000e+04
9.901000000000000000e+04
9.899400000000000000e+04
9.900100000000000000e+04
9.906300000000000000e+04
9.897500000000000000e+04
9.904400000000000000e+04
9.898800000000000000e+04
9.903300000000000000e+04
9.901000000000000000e+04
9.899200000000000000e+04
9.902100000000000000e+04
9.897900000000000000e+04
9.901500000000000000e+04
9.898200000000000000e+04
9.897800000000000000e+04
9.898900000000000000e+04
9.896500000000000000e+04
9.898300000000000000e+04
9.894700000000000000e+04
9.895000000000000000e+04
9.898600000000000000e+04
9.902000000000000000e+04
9.893600000000000000e+04
9.895600000000000000e+04
9.894200000000000000e+04
9.898200000000000000e+04
9.891200000000000000e+04
9.896300000000000000e+04
9.894200000000000000e+04
9.896100000000000000e+04
9.892100000000000000e+04
9.894900000000000000e+04
9.895900000000000000e+04
9.896100000000000000e+04
9.895700000000000000e+04
9.892900000000000000e+04
9.893100000000000000e+04
9.894800000000000000e+04
9.892800000000000000e+04
9.890400000000000000e+04
9.893400000000000000e+04
9.890200000000000000e+04
9.890900000000000000e+04
9.892100000000000000e+04
9.895900000000000000e+04
9.893100000000000000e+04
9.893200000000000000e+04
9.891700000000000000e+04
9.888400000000000000e+04
9.894900000000000000e+04
9.892700000000000000e+04
9.890700000000000000e+04
9.892900000000000000e+04
9.891700000000000000e+04
9.889300000000000000e+04
9.886000000000000000e+04
9.892000000000000000e+04
9.892200000000000000e+04
9.891300000000000000e+04
9.886600000000000000e+04
9.889400000000000000e+04
9.890000000000000000e+04
9.891300000000000000e+04
9.889400000000000000e+04
9.889100000000000000e+04
9.893500000000000000e+04
9.890100000000000000e+04
9.889800000000000000e+04
9.889800000000000000e+04
9.887200000000000000e+04
9.887600000000000000e+04
9.892900000000000000e+04
9.893100000000000000e+04
9.890300000000000000e+04
9.890800000000000000e+04
9.887100000000000000e+04
9.889500000000000000e+04
9.890600000000000000e+04
9.888100000000000000e+04
9.892600000000000000e+04
9.889200000000000000e+04
9.888600000000000000e+04
9.888800000000000000e+04
9.887500000000000000e+04
9.889500000000000000e+04
9.890000000000000000e+04
9.891500000000000000e+04
9.888400000000000000e+04
9.889500000000000000e+04
9.894500000000000000e+04
9.892300000000000000e+04
9.891500000000000000e+04
9.890700000000000000e+04
9.892000000000000000e+04
9.887000000000000000e+04
9.891900000000000000e+04
9.891400000000000000e+04
9.887100000000000000e+04
9.890600000000000000e+04
9.890900000000000000e+04
9.891500000000000000e+04
9.893700000000000000e+04
9.892400000000000000e+04
9.893700000000000000e+04
9.889300000000000000e+04
9.892700000000000000e+04
9.888400000000000000e+04
9.890300000000000000e+04
9.890800000000000000e+04
9.895800000000000000e+04
9.895100000000000000e+04
9.892600000000000000e+04
9.891600000000000000e+04
9.894700000000000000e+04
9.893000000000000000e+04
9.895000000000000000e+04
9.889200000000000000e+04
9.891100000000000000e+04
9.893100000000000000e+04
9.893700000000000000e+04
9.892100000000000000e+04
9.896900000000000000e+04
9.895900000000000000e+04
9.894900000000000000e+04
9.896400000000000000e+04
9.898500000000000000e+04
9.898600000000000000e+04
9.895600000000000000e+04
9.900400000000000000e+04
9.899800000000000000e+04
9.894000000000000000e+04
9.896300000000000000e+04
9.893400000000000000e+04
9.897600000000000000e+04
9.896400000000000000e+04
9.897400000000000000e+04
9.892700000000000000e+04
9.896200000000000000e+04
9.898500000000000000e+04
9.894300000000000000e+04
9.889800000000000000e+04
8.322600000000000000e+04
5.200800000000000000e+04
4.430900000000000000e+04
4.162300000000000000e+04
4.106000000000000000e+04
4.049000000000000000e+04
4.015300000000000000e+04
3.985700000000000000e+04
3.959000000000000000e+04
3.936800000000000000e+04
3.913900000000000000e+04
3.895900000000000000e+04
3.880800000000000000e+04
3.870800000000000000e+04
3.864700000000000000e+04
3.862000000000000000e+04
3.854500000000000000e+04
3.852700000000000000e+04
3.849600000000000000e+04
3.851000000000000000e+04
3.849800000000000000e+04
3.850700000000000000e+04
3.845800000000000000e+04
3.848000000000000000e+04
3.844200000000000000e+04
3.843800000000000000e+04
3.843600000000000000e+04
3.844300000000000000e+04
3.842400000000000000e+04
3.843800000000000000e+04
3.845600000000000000e+04
3.844600000000000000e+04
3.843300000000000000e+04
3.844500000000000000e+04
3.844600000000000000e+04
3.845800000000000000e+04
3.844600000000000000e+04
3.842500000000000000e+04
3.840500000000000000e+04
