3.354900000000000000e+04
3.349800000000000000e+04
3.347700000000000000e+04
3.343500000000000000e+04
3.343100000000000000e+04
3.345400000000000000e+04
3.343800000000000000e+04
3.346500000000000000e+04
3.343800000000000000e+04
3.342800000000000000e+04
3.349700000000000000e+04
3.344900000000000000e+04
3.344500000000000000e+04
3.342500000000000000e+04
3.340700000000000000e+04
3.335500000000000000e+04
3.334800000000000000e+04
3.334100000000000000e+04
3.329900000000000000e+04
3.330700000000000000e+04
3.329700000000000000e+04
3.329200000000000000e+04
3.329300000000000000e+04
3.329200000000000000e+04
3.329200000000000000e+04
3.329600000000000000e+04
3.326000000000000000e+04
3.329100000000000000e+04
3.328400000000000000e+04
3.328300000000000000e+04
3.325000000000000000e+04
3.326300000000000000e+04
3.324200000000000000e+04
3.326700000000000000e+04
3.326400000000000000e+04
3.327600000000000000e+04
3.324100000000000000e+04
3.325600000000000000e+04
3.323900000000000000e+04
3.323900000000000000e+04
3.322800000000000000e+04
3.324300000000000000e+04
3.323300000000000000e+04
3.322300000000000000e+04
3.323000000000000000e+04
3.325100000000000000e+04
3.322700000000000000e+04
3.321700000000000000e+04
3.320000000000000000e+04
3.319700000000000000e+04
3.317100000000000000e+04
3.320300000000000000e+04
3.321300000000000000e+04
3.321400000000000000e+04
3.319200000000000000e+04
3.320000000000000000e+04
3.320700000000000000e+04
3.320100000000000000e+04
3.319500000000000000e+04
3.319600000000000000e+04
3.320100000000000000e+04
3.319100000000000000e+04
3.319600000000000000e+04
3.318100000000000000e+04
3.321100000000000000e+04
3.321600000000000000e+04
3.318100000000000000e+04
3.320500000000000000e+04
3.321000000000000000e+04
3.317700000000000000e+04
3.320200000000000000e+04
3.319800000000000000e+04
3.319700000000000000e+04
3.318900000000000000e+04
3.323900000000000000e+04
3.318300000000000000e+04
3.319400000000000000e+04
3.320600000000000000e+04
3.320300000000000000e+04
3.319200000000000000e+04
3.319400000000000000e+04
3.321300000000000000e+04
3.322400000000000000e+04
3.321900000000000000e+04
3.321600000000000000e+04
3.321200000000000000e+04
3.322700000000000000e+04
3.323100000000000000e+04
3.324100000000000000e+04
3.325600000000000000e+04
3.323600000000000000e+04
3.324000000000000000e+04
3.327800000000000000e+04
3.326600000000000000e+04
3.328000000000000000e+04
3.327600000000000000e+04
3.330800000000000000e+04
3.333500000000000000e+04
3.330500000000000000e+04
3.334500000000000000e+04
3.341600000000000000e+04
3.346200000000000000e+04
3.350900000000000000e+04
3.364900000000000000e+04
3.377300000000000000e+04
3.404600000000000000e+04
3.444800000000000000e+04
3.509500000000000000e+04
3.644500000000000000e+04
3.844700000000000000e+04
4.033500000000000000e+04
4.085600000000000000e+04
3.965500000000000000e+04
4.162500000000000000e+04
4.629300000000000000e+04
4.735200000000000000e+04
4.501500000000000000e+04
4.336400000000000000e+04
5.135000000000000000e+04
5.325700000000000000e+04
5.114000000000000000e+04
4.823800000000000000e+04
4.343000000000000000e+04
4.269100000000000000e+04
4.572500000000000000e+04
4.529700000000000000e+04
4.575500000000000000e+04
4.617900000000000000e+04
4.475800000000000000e+04
4.294700000000000000e+04
4.130400000000000000e+04
4.334200000000000000e+04
4.671200000000000000e+04
5.152300000000000000e+04
5.213100000000000000e+04
4.903400000000000000e+04
4.820700000000000000e+04
4.792700000000000000e+04
4.489200000000000000e+04
4.370900000000000000e+04
4.186500000000000000e+04
4.122700000000000000e+04
4.070400000000000000e+04
4.076500000000000000e+04
4.144300000000000000e+04
4.109700000000000000e+04
3.984700000000000000e+04
3.936900000000000000e+04
3.886800000000000000e+04
3.806800000000000000e+04
3.750600000000000000e+04
3.741600000000000000e+04
3.733000000000000000e+04
3.715400000000000000e+04
3.699700000000000000e+04
3.670900000000000000e+04
3.665100000000000000e+04
3.633000000000000000e+04
3.621300000000000000e+04
3.594300000000000000e+04
3.596900000000000000e+04
3.598500000000000000e+04
3.600900000000000000e+04
3.600900000000000000e+04
3.605100000000000000e+04
3.603600000000000000e+04
3.607500000000000000e+04
3.603400000000000000e+04
3.604300000000000000e+04
3.605800000000000000e+04
3.614300000000000000e+04
3.606500000000000000e+04
3.610900000000000000e+04
3.613100000000000000e+04
3.610900000000000000e+04
3.615500000000000000e+04
3.615000000000000000e+04
3.613700000000000000e+04
3.613400000000000000e+04
3.619600000000000000e+04
3.620800000000000000e+04
3.621000000000000000e+04
3.624800000000000000e+04
3.630100000000000000e+04
3.630600000000000000e+04
3.629900000000000000e+04
3.627400000000000000e+04
3.630900000000000000e+04
3.670700000000000000e+04
3.877300000000000000e+04
4.393000000000000000e+04
6.257600000000000000e+04
7.952500000000000000e+04
8.365500000000000000e+04
8.393000000000000000e+04
8.385600000000000000e+04
8.393000000000000000e+04
8.392800000000000000e+04
8.404400000000000000e+04
8.408200000000000000e+04
8.402200000000000000e+04
8.412500000000000000e+04
8.409000000000000000e+04
8.415400000000000000e+04
8.411900000000000000e+04
8.415900000000000000e+04
8.406300000000000000e+04
8.414400000000000000e+04
8.408100000000000000e+04
8.406300000000000000e+04
8.408600000000000000e+04
8.405000000000000000e+04
8.408800000000000000e+04
8.404600000000000000e+04
8.405700000000000000e+04
8.406900000000000000e+04
8.407700000000000000e+04
8.409500000000000000e+04
8.408900000000000000e+04
8.406500000000000000e+04
8.407100000000000000e+04
8.405400000000000000e+04
8.407200000000000000e+04
8.404800000000000000e+04
8.404300000000000000e+04
8.407100000000000000e+04
8.403000000000000000e+04
8.407200000000000000e+04
8.407300000000000000e+04
8.407400000000000000e+04
8.407300000000000000e+04
8.406500000000000000e+04
8.406000000000000000e+04
8.405000000000000000e+04
8.403900000000000000e+04
8.406300000000000000e+04
8.408200000000000000e+04
8.404200000000000000e+04
8.405700000000000000e+04
8.407400000000000000e+04
8.406000000000000000e+04
8.410100000000000000e+04
8.404100000000000000e+04
8.405300000000000000e+04
8.404400000000000000e+04
8.402200000000000000e+04
8.400600000000000000e+04
8.401200000000000000e+04
8.397800000000000000e+04
8.402900000000000000e+04
8.400600000000000000e+04
8.400000000000000000e+04
8.400100000000000000e+04
8.402900000000000000e+04
8.401000000000000000e+04
8.396500000000000000e+04
8.402300000000000000e+04
8.402700000000000000e+04
8.402500000000000000e+04
8.401600000000000000e+04
8.400000000000000000e+04
8.398700000000000000e+04
8.398400000000000000e+04
8.404800000000000000e+04
8.402400000000000000e+04
8.399300000000000000e+04
8.408500000000000000e+04
8.398800000000000000e+04
8.404200000000000000e+04
8.404800000000000000e+04
8.402800000000000000e+04
8.402000000000000000e+04
8.399400000000000000e+04
8.399000000000000000e+04
8.402500000000000000e+04
8.402300000000000000e+04
8.402400000000000000e+04
8.401200000000000000e+04
8.398900000000000000e+04
8.400100000000000000e+04
8.398600000000000000e+04
8.400600000000000000e+04
8.402700000000000000e+04
8.401800000000000000e+04
8.404200000000000000e+04
8.402200000000000000e+04
8.401800000000000000e+04
8.400700000000000000e+04
8.401300000000000000e+04
8.402600000000000000e+04
8.402500000000000000e+04
8.401200000000000000e+04
8.402700000000000000e+04
8.401000000000000000e+04
8.406500000000000000e+04
8.403100000000000000e+04
8.402200000000000000e+04
8.398600000000000000e+04
8.403800000000000000e+04
8.402800000000000000e+04
8.399900000000000000e+04
8.404100000000000000e+04
8.405700000000000000e+04
8.402300000000000000e+04
8.399500000000000000e+04
8.400500000000000000e+04
8.403700000000000000e+04
8.402100000000000000e+04
8.401500000000000000e+04
8.400900000000000000e+04
8.405200000000000000e+04
8.399100000000000000e+04
8.399000000000000000e+04
8.401900000000000000e+04
8.400300000000000000e+04
8.401800000000000000e+04
8.408000000000000000e+04
8.401300000000000000e+04
8.401700000000000000e+04
8.406000000000000000e+04
8.400900000000000000e+04
8.405600000000000000e+04
8.405700000000000000e+04
8.402200000000000000e+04
8.403400000000000000e+04
8.403900000000000000e+04
8.405200000000000000e+04
8.399700000000000000e+04
8.402300000000000000e+04
8.407900000000000000e+04
8.402700000000000000e+04
8.403800000000000000e+04
8.405700000000000000e+04
8.404100000000000000e+04
8.404200000000000000e+04
8.403800000000000000e+04
8.402200000000000000e+04
8.404100000000000000e+04
8.403200000000000000e+04
8.407500000000000000e+04
8.403200000000000000e+04
8.403800000000000000e+04
8.404000000000000000e+04
8.403500000000000000e+04
8.407000000000000000e+04
8.400800000000000000e+04
8.405000000000000000e+04
8.405400000000000000e+04
8.404700000000000000e+04
8.403300000000000000e+04
8.408000000000000000e+04
8.405600000000000000e+04
8.409200000000000000e+04
8.406900000000000000e+04
8.405900000000000000e+04
8.406900000000000000e+04
8.409300000000000000e+04
8.410000000000000000e+04
8.406700000000000000e+04
8.410700000000000000e+04
8.405900000000000000e+04
8.405400000000000000e+04
8.406900000000000000e+04
8.408700000000000000e+04
8.410300000000000000e+04
8.405700000000000000e+04
8.407000000000000000e+04
8.407400000000000000e+04
7.624700000000000000e+04
5.927900000000000000e+04
5.770500000000000000e+04
5.082300000000000000e+04
4.537500000000000000e+04
4.785900000000000000e+04
5.075400000000000000e+04
4.820600000000000000e+04
4.509300000000000000e+04
4.105500000000000000e+04
3.796700000000000000e+04
3.586000000000000000e+04
3.464800000000000000e+04
3.404500000000000000e+04
3.373700000000000000e+04
3.357600000000000000e+04
3.348500000000000000e+04
3.342200000000000000e+04
3.338800000000000000e+04
3.333400000000000000e+04
3.333700000000000000e+04
3.331100000000000000e+04
3.332400000000000000e+04
3.330700000000000000e+04
3.326500000000000000e+04
3.325800000000000000e+04
3.323800000000000000e+04
3.327100000000000000e+04
3.326500000000000000e+04
3.324200000000000000e+04
3.323100000000000000e+04
3.321200000000000000e+04
3.322600000000000000e+04
3.325400000000000000e+04
3.320600000000000000e+04
3.318500000000000000e+04
3.319200000000000000e+04
3.320300000000000000e+04
3.318100000000000000e+04
3.319000000000000000e+04
