1.043427559999999943e+01
1.035582240000000098e+01
1.010084950000000070e+01
1.008123619999999931e+01
1.021852930000000015e+01
1.023814259999999976e+01
9.943943100000000257e+00
1.035582240000000098e+01
1.033620909999999959e+01
1.017930270000000093e+01
1.035582240000000098e+01
1.047350220000000043e+01
1.037543570000000059e+01
1.033620909999999959e+01
1.035582240000000098e+01
1.063040860000000087e+01
1.070886179999999932e+01
1.035582240000000098e+01
1.019891600000000054e+01
1.055195540000000065e+01
1.078731499999999954e+01
1.045388890000000082e+01
1.023814259999999976e+01
1.029698250000000037e+01
1.100306130000000060e+01
1.072847510000000071e+01
1.027736920000000076e+01
1.025775589999999937e+01
1.043427559999999943e+01
1.037543570000000059e+01
9.845876600000000423e+00
1.000278300000000087e+01
1.066963520000000010e+01
1.057156870000000026e+01
1.017930270000000093e+01
1.006162289999999970e+01
1.025775589999999937e+01
1.039504900000000021e+01
1.019891600000000054e+01
9.865489900000000034e+00
1.010084950000000070e+01
1.057156870000000026e+01
1.068924849999999971e+01
1.035582240000000098e+01
1.037543570000000059e+01
1.041466229999999982e+01
1.021852930000000015e+01
1.000278300000000087e+01
1.029698250000000037e+01
1.072847510000000071e+01
1.074808840000000032e+01
1.029698250000000037e+01
1.031659579999999998e+01
1.037543570000000059e+01
1.031659579999999998e+01
9.983169699999999480e+00
1.004200960000000009e+01
1.041466229999999982e+01
1.039504900000000021e+01
1.045388890000000082e+01
1.059118199999999987e+01
1.061079529999999949e+01
1.043427559999999943e+01
9.983169699999999480e+00
1.006162289999999970e+01
1.033620909999999959e+01
1.019891600000000054e+01
1.027736920000000076e+01
1.055195540000000065e+01
1.049311550000000004e+01
1.012046280000000031e+01
1.023814259999999976e+01
1.047350220000000043e+01
1.015968939999999954e+01
1.006162289999999970e+01
1.041466229999999982e+01
1.086576819999999977e+01
1.051272879999999965e+01
9.943943100000000257e+00
9.963556399999999869e+00
1.017930270000000093e+01
9.983169699999999480e+00
1.023814259999999976e+01
1.033620909999999959e+01
1.035582240000000098e+01
1.023814259999999976e+01
1.002239630000000048e+01
1.015968939999999954e+01
1.031659579999999998e+01
1.008123619999999931e+01
1.012046280000000031e+01
1.043427559999999943e+01
1.037543570000000059e+01
1.006162289999999970e+01
1.023814259999999976e+01
1.063040860000000087e+01
1.027736920000000076e+01
1.021852930000000015e+01
1.031659579999999998e+01
1.037543570000000059e+01
1.014007609999999993e+01
1.004200960000000009e+01
1.037543570000000059e+01
1.051272879999999965e+01
1.037543570000000059e+01
1.033620909999999959e+01
1.049311550000000004e+01
1.051272879999999965e+01
1.017930270000000093e+01
1.000278300000000087e+01
1.023814259999999976e+01
1.063040860000000087e+01
1.043427559999999943e+01
1.031659579999999998e+01
1.066963520000000010e+01
1.051272879999999965e+01
1.008123619999999931e+01
1.031659579999999998e+01
1.039504900000000021e+01
1.027736920000000076e+01
9.885103199999999646e+00
1.006162289999999970e+01
1.041466229999999982e+01
1.059118199999999987e+01
1.031659579999999998e+01
1.017930270000000093e+01
1.023814259999999976e+01
1.000278300000000087e+01
9.885103199999999646e+00
9.924329800000000645e+00
1.033620909999999959e+01
1.047350220000000043e+01
1.041466229999999982e+01
1.017930270000000093e+01
1.029698250000000037e+01
1.057156870000000026e+01
1.037543570000000059e+01
1.010084950000000070e+01
1.004200960000000009e+01
1.029698250000000037e+01
1.057156870000000026e+01
1.049311550000000004e+01
1.025775589999999937e+01
1.023814259999999976e+01
1.031659579999999998e+01
1.029698250000000037e+01
1.019891600000000054e+01
1.014007609999999993e+01
1.019891600000000054e+01
1.045388890000000082e+01
1.041466229999999982e+01
1.039504900000000021e+01
1.035582240000000098e+01
1.019891600000000054e+01
1.014007609999999993e+01
1.047350220000000043e+01
1.072847510000000071e+01
1.049311550000000004e+01
1.012046280000000031e+01
9.983169699999999480e+00
1.045388890000000082e+01
1.045388890000000082e+01
1.074808840000000032e+01
1.059118199999999987e+01
1.019891600000000054e+01
1.037543570000000059e+01
1.051272879999999965e+01
1.057156870000000026e+01
1.045388890000000082e+01
1.041466229999999982e+01
1.025775589999999937e+01
1.021852930000000015e+01
1.049311550000000004e+01
1.031659579999999998e+01
1.033620909999999959e+01
1.035582240000000098e+01
1.037543570000000059e+01
1.039504900000000021e+01
1.055195540000000065e+01
1.041466229999999982e+01
1.039504900000000021e+01
1.027736920000000076e+01
1.029698250000000037e+01
1.017930270000000093e+01
1.000278300000000087e+01
1.012046280000000031e+01
1.019891600000000054e+01
1.037543570000000059e+01
1.017930270000000093e+01
1.023814259999999976e+01
1.004200960000000009e+01
1.006162289999999970e+01
1.019891600000000054e+01
1.025775589999999937e+01
1.017930270000000093e+01
1.023814259999999976e+01
1.014007609999999993e+01
1.023814259999999976e+01
1.021852930000000015e+01
1.033620909999999959e+01
1.033620909999999959e+01
1.019891600000000054e+01
1.035582240000000098e+01
1.031659579999999998e+01
1.043427559999999943e+01
1.045388890000000082e+01
1.041466229999999982e+01
1.033620909999999959e+01
1.033620909999999959e+01
1.041466229999999982e+01
1.053234209999999926e+01
1.063040860000000087e+01
1.041466229999999982e+01
1.037543570000000059e+01
1.041466229999999982e+01
1.035582240000000098e+01
1.033620909999999959e+01
1.041466229999999982e+01
1.049311550000000004e+01
1.045388890000000082e+01
1.053234209999999926e+01
1.059118199999999987e+01
1.076770169999999993e+01
1.051272879999999965e+01
1.033620909999999959e+01
1.014007609999999993e+01
1.047350220000000043e+01
1.057156870000000026e+01
1.066963520000000010e+01
1.051272879999999965e+01
1.055195540000000065e+01
1.047350220000000043e+01
1.035582240000000098e+01
1.035582240000000098e+01
1.053234209999999926e+01
1.047350220000000043e+01
1.029698250000000037e+01
1.019891600000000054e+01
1.027736920000000076e+01
1.037543570000000059e+01
1.039504900000000021e+01
1.037543570000000059e+01
1.031659579999999998e+01
1.035582240000000098e+01
1.017930270000000093e+01
1.033620909999999959e+01
1.023814259999999976e+01
1.021852930000000015e+01
1.023814259999999976e+01
1.021852930000000015e+01
1.021852930000000015e+01
1.008123619999999931e+01
1.025775589999999937e+01
1.025775589999999937e+01
1.019891600000000054e+01
1.025775589999999937e+01
1.019891600000000054e+01
1.023814259999999976e+01
1.025775589999999937e+01
1.021852930000000015e+01
1.021852930000000015e+01
1.019891600000000054e+01
1.021852930000000015e+01
1.019891600000000054e+01
1.025775589999999937e+01
1.019891600000000054e+01
1.023814259999999976e+01
1.029698250000000037e+01
1.029698250000000037e+01
1.017930270000000093e+01
1.033620909999999959e+01
1.039504900000000021e+01
1.029698250000000037e+01
1.033620909999999959e+01
1.037543570000000059e+01
1.031659579999999998e+01
1.037543570000000059e+01
1.039504900000000021e+01
1.037543570000000059e+01
1.039504900000000021e+01
1.021852930000000015e+01
1.025775589999999937e+01
1.039504900000000021e+01
1.029698250000000037e+01
1.031659579999999998e+01
1.037543570000000059e+01
1.029698250000000037e+01
1.029698250000000037e+01
1.025775589999999937e+01
1.023814259999999976e+01
1.017930270000000093e+01
1.033620909999999959e+01
1.041466229999999982e+01
1.039504900000000021e+01
1.035582240000000098e+01
1.023814259999999976e+01
1.015968939999999954e+01
1.014007609999999993e+01
1.014007609999999993e+01
1.031659579999999998e+01
1.047350220000000043e+01
1.045388890000000082e+01
1.029698250000000037e+01
1.002239630000000048e+01
1.002239630000000048e+01
1.014007609999999993e+01
1.014007609999999993e+01
1.015968939999999954e+01
1.031659579999999998e+01
1.029698250000000037e+01
1.023814259999999976e+01
9.983169699999999480e+00
1.008123619999999931e+01
1.017930270000000093e+01
1.002239630000000048e+01
9.983169699999999480e+00
1.010084950000000070e+01
1.027736920000000076e+01
1.015968939999999954e+01
1.012046280000000031e+01
1.019891600000000054e+01
1.010084950000000070e+01
1.004200960000000009e+01
9.924329800000000645e+00
9.963556399999999869e+00
9.924329800000000645e+00
9.983169699999999480e+00
1.025775589999999937e+01
1.023814259999999976e+01
1.027736920000000076e+01
1.023814259999999976e+01
1.019891600000000054e+01
1.027736920000000076e+01
1.027736920000000076e+01
1.023814259999999976e+01
1.002239630000000048e+01
1.002239630000000048e+01
1.025775589999999937e+01
1.078731499999999954e+01
1.061079529999999949e+01
1.057156870000000026e+01
1.035582240000000098e+01
1.000278300000000087e+01
9.806649999999999423e+00
9.787036699999999811e+00
1.025775589999999937e+01
1.063040860000000087e+01
1.068924849999999971e+01
1.037543570000000059e+01
1.031659579999999998e+01
1.015968939999999954e+01
1.033620909999999959e+01
1.059118199999999987e+01
1.059118199999999987e+01
1.045388890000000082e+01
1.025775589999999937e+01
1.035582240000000098e+01
1.057156870000000026e+01
1.055195540000000065e+01
1.025775589999999937e+01
1.017930270000000093e+01
1.025775589999999937e+01
1.049311550000000004e+01
1.059118199999999987e+01
1.055195540000000065e+01
1.055195540000000065e+01
1.078731499999999954e+01
1.065002190000000049e+01
1.029698250000000037e+01
1.039504900000000021e+01
1.023814259999999976e+01
1.031659579999999998e+01
1.041466229999999982e+01
1.025775589999999937e+01
1.065002190000000049e+01
1.059118199999999987e+01
1.049311550000000004e+01
1.037543570000000059e+01
1.035582240000000098e+01
1.039504900000000021e+01
1.035582240000000098e+01
1.027736920000000076e+01
1.049311550000000004e+01
1.053234209999999926e+01
1.045388890000000082e+01
1.041466229999999982e+01
1.008123619999999931e+01
1.021852930000000015e+01
1.017930270000000093e+01
1.023814259999999976e+01
1.033620909999999959e+01
1.131687409999999971e+01
1.041466229999999982e+01
1.061079529999999949e+01
1.063040860000000087e+01
1.037543570000000059e+01
1.027736920000000076e+01
1.035582240000000098e+01
1.023814259999999976e+01
1.021852930000000015e+01
1.006162289999999970e+01
1.012046280000000031e+01
1.019891600000000054e+01
1.047350220000000043e+01
1.059118199999999987e+01
1.049311550000000004e+01
1.039504900000000021e+01
1.033620909999999959e+01
1.029698250000000037e+01
1.025775589999999937e+01
1.039504900000000021e+01
1.049311550000000004e+01
1.049311550000000004e+01
1.037543570000000059e+01
1.017930270000000093e+01
1.027736920000000076e+01
1.019891600000000054e+01
1.014007609999999993e+01
1.019891600000000054e+01
1.029698250000000037e+01
1.035582240000000098e+01
1.041466229999999982e+01
1.033620909999999959e+01
1.049311550000000004e+01
1.043427559999999943e+01
1.027736920000000076e+01
1.017930270000000093e+01
1.055195540000000065e+01
1.066963520000000010e+01
1.055195540000000065e+01
1.035582240000000098e+01
1.014007609999999993e+01
1.031659579999999998e+01
1.047350220000000043e+01
1.066963520000000010e+01
1.070886179999999932e+01
1.059118199999999987e+01
1.059118199999999987e+01
1.057156870000000026e+01
1.039504900000000021e+01
1.051272879999999965e+01
1.053234209999999926e+01
1.055195540000000065e+01
1.057156870000000026e+01
1.039504900000000021e+01
1.033620909999999959e+01
1.039504900000000021e+01
1.063040860000000087e+01
1.061079529999999949e+01
1.043427559999999943e+01
1.037543570000000059e+01
1.023814259999999976e+01
1.039504900000000021e+01
1.043427559999999943e+01
1.041466229999999982e+01
1.041466229999999982e+01
1.041466229999999982e+01
1.049311550000000004e+01
1.035582240000000098e+01
1.049311550000000004e+01
1.037543570000000059e+01
1.039504900000000021e+01
1.045388890000000082e+01
1.043427559999999943e+01
1.043427559999999943e+01
1.037543570000000059e+01
1.031659579999999998e+01
1.035582240000000098e+01
1.039504900000000021e+01
1.023814259999999976e+01
1.033620909999999959e+01
1.033620909999999959e+01
1.047350220000000043e+01
1.037543570000000059e+01
1.033620909999999959e+01
1.037543570000000059e+01
1.051272879999999965e+01
1.043427559999999943e+01
1.045388890000000082e+01
1.045388890000000082e+01
1.039504900000000021e+01
1.043427559999999943e+01
1.039504900000000021e+01
1.033620909999999959e+01
1.035582240000000098e+01
1.025775589999999937e+01
1.021852930000000015e+01
1.014007609999999993e+01
1.025775589999999937e+01
1.023814259999999976e+01
1.031659579999999998e+01
1.037543570000000059e+01
1.035582240000000098e+01
1.055195540000000065e+01
1.057156870000000026e+01
1.035582240000000098e+01
1.037543570000000059e+01
1.043427559999999943e+01
1.055195540000000065e+01
1.049311550000000004e+01
1.035582240000000098e+01
1.035582240000000098e+01
1.057156870000000026e+01
1.049311550000000004e+01
1.031659579999999998e+01
1.025775589999999937e+01
1.033620909999999959e+01
1.039504900000000021e+01
1.029698250000000037e+01
1.043427559999999943e+01
1.037543570000000059e+01
1.033620909999999959e+01
1.033620909999999959e+01
1.027736920000000076e+01
1.039504900000000021e+01
1.037543570000000059e+01
1.047350220000000043e+01
1.031659579999999998e+01
1.027736920000000076e+01
1.021852930000000015e+01
1.029698250000000037e+01
1.025775589999999937e+01
1.039504900000000021e+01
1.035582240000000098e+01
1.035582240000000098e+01
1.045388890000000082e+01
1.031659579999999998e+01
1.043427559999999943e+01
1.047350220000000043e+01
1.045388890000000082e+01
1.045388890000000082e+01
1.037543570000000059e+01
1.033620909999999959e+01
1.033620909999999959e+01
1.029698250000000037e+01
1.023814259999999976e+01
1.025775589999999937e+01
1.021852930000000015e+01
1.037543570000000059e+01
1.031659579999999998e+01
1.031659579999999998e+01
1.021852930000000015e+01
1.017930270000000093e+01
1.031659579999999998e+01
1.033620909999999959e+01
1.027736920000000076e+01
1.035582240000000098e+01
1.037543570000000059e+01
1.041466229999999982e+01
1.039504900000000021e+01
1.037543570000000059e+01
1.031659579999999998e+01
1.035582240000000098e+01
1.031659579999999998e+01
1.029698250000000037e+01
1.039504900000000021e+01
1.033620909999999959e+01
1.041466229999999982e+01
1.041466229999999982e+01
1.029698250000000037e+01
1.035582240000000098e+01
1.033620909999999959e+01
1.029698250000000037e+01
1.033620909999999959e+01
1.035582240000000098e+01
1.025775589999999937e+01
1.023814259999999976e+01
1.033620909999999959e+01
1.037543570000000059e+01
1.023814259999999976e+01
1.029698250000000037e+01
1.029698250000000037e+01
1.025775589999999937e+01
1.023814259999999976e+01
1.033620909999999959e+01
1.019891600000000054e+01
1.031659579999999998e+01
1.031659579999999998e+01
1.029698250000000037e+01
1.039504900000000021e+01
1.031659579999999998e+01
1.035582240000000098e+01
1.035582240000000098e+01
1.031659579999999998e+01
1.029698250000000037e+01
1.033620909999999959e+01
1.023814259999999976e+01
1.025775589999999937e+01
1.039504900000000021e+01
1.023814259999999976e+01
1.035582240000000098e+01
1.027736920000000076e+01
1.025775589999999937e+01
1.029698250000000037e+01
1.027736920000000076e+01
1.029698250000000037e+01
1.019891600000000054e+01
1.037543570000000059e+01
1.031659579999999998e+01
1.033620909999999959e+01
1.047350220000000043e+01
1.027736920000000076e+01
1.031659579999999998e+01
1.033620909999999959e+01
1.023814259999999976e+01
1.027736920000000076e+01
1.031659579999999998e+01
1.039504900000000021e+01
1.043427559999999943e+01
1.023814259999999976e+01
1.027736920000000076e+01
1.023814259999999976e+01
1.033620909999999959e+01
1.029698250000000037e+01
1.045388890000000082e+01
1.031659579999999998e+01
1.027736920000000076e+01
1.047350220000000043e+01
1.049311550000000004e+01
1.037543570000000059e+01
1.041466229999999982e+01
1.045388890000000082e+01
1.041466229999999982e+01
1.041466229999999982e+01
1.037543570000000059e+01
1.039504900000000021e+01
1.043427559999999943e+01
1.045388890000000082e+01
1.035582240000000098e+01
1.031659579999999998e+01
1.037543570000000059e+01
1.027736920000000076e+01
1.025775589999999937e+01
1.027736920000000076e+01
1.037543570000000059e+01
1.035582240000000098e+01
1.027736920000000076e+01
1.015968939999999954e+01
1.017930270000000093e+01
1.027736920000000076e+01
1.031659579999999998e+01
1.021852930000000015e+01
1.029698250000000037e+01
1.023814259999999976e+01
1.021852930000000015e+01
1.025775589999999937e+01
1.029698250000000037e+01
1.035582240000000098e+01
1.039504900000000021e+01
1.035582240000000098e+01
1.031659579999999998e+01
1.049311550000000004e+01
1.041466229999999982e+01
1.043427559999999943e+01
1.041466229999999982e+01
1.037543570000000059e+01
1.035582240000000098e+01
1.035582240000000098e+01
1.035582240000000098e+01
1.037543570000000059e+01
1.029698250000000037e+01
1.023814259999999976e+01
1.029698250000000037e+01
1.037543570000000059e+01
1.033620909999999959e+01
1.027736920000000076e+01
1.029698250000000037e+01
1.043427559999999943e+01
1.037543570000000059e+01
1.037543570000000059e+01
1.043427559999999943e+01
1.031659579999999998e+01
1.021852930000000015e+01
1.043427559999999943e+01
1.031659579999999998e+01
1.041466229999999982e+01
1.039504900000000021e+01
1.039504900000000021e+01
1.057156870000000026e+01
1.033620909999999959e+01
1.021852930000000015e+01
1.031659579999999998e+01
1.039504900000000021e+01
1.043427559999999943e+01
1.031659579999999998e+01
1.031659579999999998e+01
1.031659579999999998e+01
1.019891600000000054e+01
1.045388890000000082e+01
1.043427559999999943e+01
1.043427559999999943e+01
1.047350220000000043e+01
1.035582240000000098e+01
1.027736920000000076e+01
1.033620909999999959e+01
1.039504900000000021e+01
1.039504900000000021e+01
1.023814259999999976e+01
1.019891600000000054e+01
1.043427559999999943e+01
1.029698250000000037e+01
1.033620909999999959e+01
1.033620909999999959e+01
1.027736920000000076e+01
1.043427559999999943e+01
1.035582240000000098e+01
1.031659579999999998e+01
1.035582240000000098e+01
1.045388890000000082e+01
1.033620909999999959e+01
1.025775589999999937e+01
1.025775589999999937e+01
1.043427559999999943e+01
1.039504900000000021e+01
1.027736920000000076e+01
1.033620909999999959e+01
1.025775589999999937e+01
1.025775589999999937e+01
1.043427559999999943e+01
1.025775589999999937e+01
1.025775589999999937e+01
1.033620909999999959e+01
1.039504900000000021e+01
1.039504900000000021e+01
1.029698250000000037e+01
1.025775589999999937e+01
1.019891600000000054e+01
1.033620909999999959e+01
1.031659579999999998e+01
1.031659579999999998e+01
1.031659579999999998e+01
1.031659579999999998e+01
1.033620909999999959e+01
1.029698250000000037e+01
1.025775589999999937e+01
1.025775589999999937e+01
1.035582240000000098e+01
1.021852930000000015e+01
1.025775589999999937e+01
1.021852930000000015e+01
1.033620909999999959e+01
1.035582240000000098e+01
1.039504900000000021e+01
1.031659579999999998e+01
1.033620909999999959e+01
1.035582240000000098e+01
1.035582240000000098e+01
1.037543570000000059e+01
1.033620909999999959e+01
1.043427559999999943e+01
1.041466229999999982e+01
1.025775589999999937e+01
1.031659579999999998e+01
1.029698250000000037e+01
1.035582240000000098e+01
1.031659579999999998e+01
1.031659579999999998e+01
1.037543570000000059e+01
1.029698250000000037e+01
1.031659579999999998e+01
1.037543570000000059e+01
1.031659579999999998e+01
1.037543570000000059e+01
1.037543570000000059e+01
1.035582240000000098e+01
1.029698250000000037e+01
1.035582240000000098e+01
1.035582240000000098e+01
1.027736920000000076e+01
1.029698250000000037e+01
1.017930270000000093e+01
1.023814259999999976e+01
1.029698250000000037e+01
1.029698250000000037e+01
1.025775589999999937e+01
1.037543570000000059e+01
1.027736920000000076e+01
1.043427559999999943e+01
1.031659579999999998e+01
1.037543570000000059e+01
1.031659579999999998e+01
1.033620909999999959e+01
1.035582240000000098e+01
1.035582240000000098e+01
1.037543570000000059e+01
1.025775589999999937e+01
1.019891600000000054e+01
1.014007609999999993e+01
1.029698250000000037e+01
1.035582240000000098e+01
1.015968939999999954e+01
1.025775589999999937e+01
1.033620909999999959e+01
1.033620909999999959e+01
1.035582240000000098e+01
1.019891600000000054e+01
1.035582240000000098e+01
1.031659579999999998e+01
1.043427559999999943e+01
1.037543570000000059e+01
1.023814259999999976e+01
1.033620909999999959e+01
1.043427559999999943e+01
1.029698250000000037e+01
1.041466229999999982e+01
1.031659579999999998e+01
1.043427559999999943e+01
1.033620909999999959e+01
1.029698250000000037e+01
1.039504900000000021e+01
1.027736920000000076e+01
1.035582240000000098e+01
1.043427559999999943e+01
1.041466229999999982e+01
1.037543570000000059e+01
1.031659579999999998e+01
1.039504900000000021e+01
1.041466229999999982e+01
1.035582240000000098e+01
1.035582240000000098e+01
1.031659579999999998e+01
1.027736920000000076e+01
1.029698250000000037e+01
1.029698250000000037e+01
1.037543570000000059e+01
1.035582240000000098e+01
1.035582240000000098e+01
1.031659579999999998e+01
1.039504900000000021e+01
1.037543570000000059e+01
1.045388890000000082e+01
1.035582240000000098e+01
1.031659579999999998e+01
1.019891600000000054e+01
1.033620909999999959e+01
1.033620909999999959e+01
1.037543570000000059e+01
1.027736920000000076e+01
1.025775589999999937e+01
1.033620909999999959e+01
1.039504900000000021e+01
1.029698250000000037e+01
1.027736920000000076e+01
1.039504900000000021e+01
1.033620909999999959e+01
1.031659579999999998e+01
1.027736920000000076e+01
1.031659579999999998e+01
1.027736920000000076e+01
1.029698250000000037e+01
1.041466229999999982e+01
1.035582240000000098e+01
1.039504900000000021e+01
1.045388890000000082e+01
1.033620909999999959e+01
1.029698250000000037e+01
1.037543570000000059e+01
1.039504900000000021e+01
1.031659579999999998e+01
1.041466229999999982e+01
1.033620909999999959e+01
1.025775589999999937e+01
1.043427559999999943e+01
1.037543570000000059e+01
1.033620909999999959e+01
1.039504900000000021e+01
1.031659579999999998e+01
1.033620909999999959e+01
1.037543570000000059e+01
1.033620909999999959e+01
1.027736920000000076e+01
1.027736920000000076e+01
1.027736920000000076e+01
1.037543570000000059e+01
1.031659579999999998e+01
1.033620909999999959e+01
1.035582240000000098e+01
1.027736920000000076e+01
1.037543570000000059e+01
1.035582240000000098e+01
1.039504900000000021e+01
1.031659579999999998e+01
1.039504900000000021e+01
1.037543570000000059e+01
1.033620909999999959e+01
1.031659579999999998e+01
1.041466229999999982e+01
1.031659579999999998e+01
1.033620909999999959e+01
1.039504900000000021e+01
1.039504900000000021e+01
1.041466229999999982e+01
1.033620909999999959e+01
1.023814259999999976e+01
1.031659579999999998e+01
1.033620909999999959e+01
1.037543570000000059e+01
1.035582240000000098e+01
1.037543570000000059e+01
1.037543570000000059e+01
1.041466229999999982e+01
1.039504900000000021e+01
1.039504900000000021e+01
1.043427559999999943e+01
1.039504900000000021e+01
1.037543570000000059e+01
1.037543570000000059e+01
1.037543570000000059e+01
1.041466229999999982e+01
1.041466229999999982e+01
1.037543570000000059e+01
1.033620909999999959e+01
1.039504900000000021e+01
1.033620909999999959e+01
1.027736920000000076e+01
1.021852930000000015e+01
1.033620909999999959e+01
1.033620909999999959e+01
1.033620909999999959e+01
1.047350220000000043e+01
1.037543570000000059e+01
1.031659579999999998e+01
1.025775589999999937e+01
1.035582240000000098e+01
1.039504900000000021e+01
1.043427559999999943e+01
1.029698250000000037e+01
1.017930270000000093e+01
1.037543570000000059e+01
1.035582240000000098e+01
1.039504900000000021e+01
1.031659579999999998e+01
1.033620909999999959e+01
1.039504900000000021e+01
1.039504900000000021e+01
1.031659579999999998e+01
1.029698250000000037e+01
1.025775589999999937e+01
1.045388890000000082e+01
1.033620909999999959e+01
1.031659579999999998e+01
1.031659579999999998e+01
1.033620909999999959e+01
1.037543570000000059e+01
1.023814259999999976e+01
1.029698250000000037e+01
1.035582240000000098e+01
1.041466229999999982e+01
1.035582240000000098e+01
1.041466229999999982e+01
1.035582240000000098e+01
1.033620909999999959e+01
1.033620909999999959e+01
1.033620909999999959e+01
1.037543570000000059e+01
1.039504900000000021e+01
1.039504900000000021e+01
1.037543570000000059e+01
1.041466229999999982e+01
1.035582240000000098e+01
1.035582240000000098e+01
1.035582240000000098e+01
1.025775589999999937e+01
1.031659579999999998e+01
1.041466229999999982e+01
1.031659579999999998e+01
1.033620909999999959e+01
1.029698250000000037e+01
1.029698250000000037e+01
1.031659579999999998e+01
1.037543570000000059e+01
1.041466229999999982e+01
1.029698250000000037e+01
1.049311550000000004e+01
1.049311550000000004e+01
1.049311550000000004e+01
1.041466229999999982e+01
1.041466229999999982e+01
1.047350220000000043e+01
1.045388890000000082e+01
1.053234209999999926e+01
1.047350220000000043e+01
1.027736920000000076e+01
1.035582240000000098e+01
1.029698250000000037e+01
1.027736920000000076e+01
1.023814259999999976e+01
1.017930270000000093e+01
1.019891600000000054e+01
1.019891600000000054e+01
1.025775589999999937e+01
1.029698250000000037e+01
1.027736920000000076e+01
1.021852930000000015e+01
1.014007609999999993e+01
1.031659579999999998e+01
1.029698250000000037e+01
1.029698250000000037e+01
1.043427559999999943e+01
1.037543570000000059e+01
1.015968939999999954e+01
9.061344599999999971e+00
1.004200960000000009e+01
1.094422139999999999e+01
1.021852930000000015e+01
1.053234209999999926e+01
1.063040860000000087e+01
1.047350220000000043e+01
1.025775589999999937e+01
1.051272879999999965e+01
1.031659579999999998e+01
1.017930270000000093e+01
1.049311550000000004e+01
1.035582240000000098e+01
1.023814259999999976e+01
1.039504900000000021e+01
1.035582240000000098e+01
1.027736920000000076e+01
1.014007609999999993e+01
1.037543570000000059e+01
1.031659579999999998e+01
1.025775589999999937e+01
1.014007609999999993e+01
1.021852930000000015e+01
1.045388890000000082e+01
1.051272879999999965e+01
1.041466229999999982e+01
1.027736920000000076e+01
1.041466229999999982e+01
1.029698250000000037e+01
1.027736920000000076e+01
1.041466229999999982e+01
1.037543570000000059e+01
1.043427559999999943e+01
1.031659579999999998e+01
1.035582240000000098e+01
1.039504900000000021e+01
1.027736920000000076e+01
1.041466229999999982e+01
1.025775589999999937e+01
1.035582240000000098e+01
1.033620909999999959e+01
1.025775589999999937e+01
1.021852930000000015e+01
1.029698250000000037e+01
1.033620909999999959e+01
1.029698250000000037e+01
1.033620909999999959e+01
1.033620909999999959e+01
1.023814259999999976e+01
1.035582240000000098e+01
1.029698250000000037e+01
1.033620909999999959e+01
1.035582240000000098e+01
1.039504900000000021e+01
1.039504900000000021e+01
1.037543570000000059e+01
1.033620909999999959e+01
1.037543570000000059e+01
1.043427559999999943e+01
1.045388890000000082e+01
1.051272879999999965e+01
1.039504900000000021e+01
1.043427559999999943e+01
1.035582240000000098e+01
1.027736920000000076e+01
1.029698250000000037e+01
1.029698250000000037e+01
1.033620909999999959e+01
1.031659579999999998e+01
1.027736920000000076e+01
1.039504900000000021e+01
1.033620909999999959e+01
1.029698250000000037e+01
1.025775589999999937e+01
1.023814259999999976e+01
1.033620909999999959e+01
1.031659579999999998e+01
1.029698250000000037e+01
1.023814259999999976e+01
1.021852930000000015e+01
1.037543570000000059e+01
1.025775589999999937e+01
1.023814259999999976e+01
1.033620909999999959e+01
1.025775589999999937e+01
1.027736920000000076e+01
1.033620909999999959e+01
1.029698250000000037e+01
1.029698250000000037e+01
1.039504900000000021e+01
1.041466229999999982e+01
1.043427559999999943e+01
1.029698250000000037e+01
1.035582240000000098e+01
1.031659579999999998e+01
1.033620909999999959e+01
1.041466229999999982e+01
1.021852930000000015e+01
1.029698250000000037e+01
1.031659579999999998e+01
1.031659579999999998e+01
1.019891600000000054e+01
1.021852930000000015e+01
1.033620909999999959e+01
1.029698250000000037e+01
1.027736920000000076e+01
1.033620909999999959e+01
1.029698250000000037e+01
1.031659579999999998e+01
1.035582240000000098e+01
1.027736920000000076e+01
1.027736920000000076e+01
1.035582240000000098e+01
1.033620909999999959e+01
1.029698250000000037e+01
1.031659579999999998e+01
1.043427559999999943e+01
1.043427559999999943e+01
1.043427559999999943e+01
1.037543570000000059e+01
1.039504900000000021e+01
1.035582240000000098e+01
1.043427559999999943e+01
1.037543570000000059e+01
1.041466229999999982e+01
1.041466229999999982e+01
1.037543570000000059e+01
1.029698250000000037e+01
1.037543570000000059e+01
1.021852930000000015e+01
1.035582240000000098e+01
1.029698250000000037e+01
1.035582240000000098e+01
1.031659579999999998e+01
1.039504900000000021e+01
1.043427559999999943e+01
1.029698250000000037e+01
1.043427559999999943e+01
1.031659579999999998e+01
1.025775589999999937e+01
1.029698250000000037e+01
1.027736920000000076e+01
1.037543570000000059e+01
1.033620909999999959e+01
1.029698250000000037e+01
1.029698250000000037e+01
1.033620909999999959e+01
1.045388890000000082e+01
1.039504900000000021e+01
1.039504900000000021e+01
1.043427559999999943e+01
1.039504900000000021e+01
1.037543570000000059e+01
1.023814259999999976e+01
1.008123619999999931e+01
1.006162289999999970e+01
1.017930270000000093e+01
1.031659579999999998e+01
1.039504900000000021e+01
1.043427559999999943e+01
1.047350220000000043e+01
1.041466229999999982e+01
1.037543570000000059e+01
1.029698250000000037e+01
1.027736920000000076e+01
1.039504900000000021e+01
1.045388890000000082e+01
1.035582240000000098e+01
1.037543570000000059e+01
1.029698250000000037e+01
1.029698250000000037e+01
1.010084950000000070e+01
1.031659579999999998e+01
1.029698250000000037e+01
1.029698250000000037e+01
1.027736920000000076e+01
1.031659579999999998e+01
1.031659579999999998e+01
1.037543570000000059e+01
1.035582240000000098e+01
1.031659579999999998e+01
1.033620909999999959e+01
1.037543570000000059e+01
1.027736920000000076e+01
1.033620909999999959e+01
1.029698250000000037e+01
1.037543570000000059e+01
1.033620909999999959e+01
1.039504900000000021e+01
1.035582240000000098e+01
1.031659579999999998e+01
1.023814259999999976e+01
1.031659579999999998e+01
1.033620909999999959e+01
1.031659579999999998e+01
1.043427559999999943e+01
1.031659579999999998e+01
1.033620909999999959e+01
1.039504900000000021e+01
1.029698250000000037e+01
1.021852930000000015e+01
1.025775589999999937e+01
1.031659579999999998e+01
1.035582240000000098e+01
1.031659579999999998e+01
1.037543570000000059e+01
1.035582240000000098e+01
1.031659579999999998e+01
1.035582240000000098e+01
1.035582240000000098e+01
1.043427559999999943e+01
1.037543570000000059e+01
1.045388890000000082e+01
1.029698250000000037e+01
1.029698250000000037e+01
1.031659579999999998e+01
1.037543570000000059e+01
1.035582240000000098e+01
1.035582240000000098e+01
1.033620909999999959e+01
1.047350220000000043e+01
1.031659579999999998e+01
1.027736920000000076e+01
1.039504900000000021e+01
1.047350220000000043e+01
1.053234209999999926e+01
1.051272879999999965e+01
1.035582240000000098e+01
1.025775589999999937e+01
1.031659579999999998e+01
1.029698250000000037e+01
1.023814259999999976e+01
1.035582240000000098e+01
1.029698250000000037e+01
1.045388890000000082e+01
1.041466229999999982e+01
1.035582240000000098e+01
1.043427559999999943e+01
1.041466229999999982e+01
1.033620909999999959e+01
1.065002190000000049e+01
1.059118199999999987e+01
1.057156870000000026e+01
1.051272879999999965e+01
1.057156870000000026e+01
1.053234209999999926e+01
1.045388890000000082e+01
1.045388890000000082e+01
1.057156870000000026e+01
1.053234209999999926e+01
1.065002190000000049e+01
1.035582240000000098e+01
1.029698250000000037e+01
1.029698250000000037e+01
1.055195540000000065e+01
1.049311550000000004e+01
1.029698250000000037e+01
1.015968939999999954e+01
1.033620909999999959e+01
1.047350220000000043e+01
1.041466229999999982e+01
1.041466229999999982e+01
1.039504900000000021e+01
1.053234209999999926e+01
1.068924849999999971e+01
1.039504900000000021e+01
1.045388890000000082e+01
1.066963520000000010e+01
1.065002190000000049e+01
1.019891600000000054e+01
1.014007609999999993e+01
1.063040860000000087e+01
1.045388890000000082e+01
1.029698250000000037e+01
1.043427559999999943e+01
1.057156870000000026e+01
1.039504900000000021e+01
1.031659579999999998e+01
1.029698250000000037e+01
1.059118199999999987e+01
1.065002190000000049e+01
1.019891600000000054e+01
1.023814259999999976e+01
1.039504900000000021e+01
1.021852930000000015e+01
1.031659579999999998e+01
1.035582240000000098e+01
1.061079529999999949e+01
1.049311550000000004e+01
1.014007609999999993e+01
1.019891600000000054e+01
1.049311550000000004e+01
1.015968939999999954e+01
1.015968939999999954e+01
1.039504900000000021e+01
1.031659579999999998e+01
1.017930270000000093e+01
1.027736920000000076e+01
1.043427559999999943e+01
1.045388890000000082e+01
1.017930270000000093e+01
1.012046280000000031e+01
1.031659579999999998e+01
1.023814259999999976e+01
1.017930270000000093e+01
1.033620909999999959e+01
1.021852930000000015e+01
1.004200960000000009e+01
9.924329800000000645e+00
1.043427559999999943e+01
1.029698250000000037e+01
1.031659579999999998e+01
1.027736920000000076e+01
1.049311550000000004e+01
1.015968939999999954e+01
1.000278300000000087e+01
1.031659579999999998e+01
1.049311550000000004e+01
1.027736920000000076e+01
1.008123619999999931e+01
1.037543570000000059e+01
1.012046280000000031e+01
9.943943100000000257e+00
1.019891600000000054e+01
1.045388890000000082e+01
1.012046280000000031e+01
1.014007609999999993e+01
1.041466229999999982e+01
1.037543570000000059e+01
1.019891600000000054e+01
1.035582240000000098e+01
1.076770169999999993e+01
1.053234209999999926e+01
1.033620909999999959e+01
1.014007609999999993e+01
1.031659579999999998e+01
1.004200960000000009e+01
1.002239630000000048e+01
1.033620909999999959e+01
1.051272879999999965e+01
1.033620909999999959e+01
1.019891600000000054e+01
1.047350220000000043e+01
1.051272879999999965e+01
1.039504900000000021e+01
1.047350220000000043e+01
1.057156870000000026e+01
1.063040860000000087e+01
1.031659579999999998e+01
1.023814259999999976e+01
1.033620909999999959e+01
1.033620909999999959e+01
1.015968939999999954e+01
1.027736920000000076e+01
1.055195540000000065e+01
1.039504900000000021e+01
1.012046280000000031e+01
1.027736920000000076e+01
1.045388890000000082e+01
1.019891600000000054e+01
1.029698250000000037e+01
1.047350220000000043e+01
1.035582240000000098e+01
1.014007609999999993e+01
1.008123619999999931e+01
1.033620909999999959e+01
1.039504900000000021e+01
1.006162289999999970e+01
1.029698250000000037e+01
1.066963520000000010e+01
1.023814259999999976e+01
1.014007609999999993e+01
1.021852930000000015e+01
1.057156870000000026e+01
1.031659579999999998e+01
1.010084950000000070e+01
9.963556399999999869e+00
1.031659579999999998e+01
1.023814259999999976e+01
1.004200960000000009e+01
1.014007609999999993e+01
1.043427559999999943e+01
1.047350220000000043e+01
1.006162289999999970e+01
1.004200960000000009e+01
1.023814259999999976e+01
1.027736920000000076e+01
1.010084950000000070e+01
1.004200960000000009e+01
1.029698250000000037e+01
1.051272879999999965e+01
1.025775589999999937e+01
9.924329800000000645e+00
9.943943100000000257e+00
1.025775589999999937e+01
1.043427559999999943e+01
1.025775589999999937e+01
1.012046280000000031e+01
1.008123619999999931e+01
1.008123619999999931e+01
1.014007609999999993e+01
1.053234209999999926e+01
1.049311550000000004e+01
1.041466229999999982e+01
1.019891600000000054e+01
1.002239630000000048e+01
1.006162289999999970e+01
1.019891600000000054e+01
1.010084950000000070e+01
9.865489900000000034e+00
1.000278300000000087e+01
1.029698250000000037e+01
1.033620909999999959e+01
1.015968939999999954e+01
1.006162289999999970e+01
1.006162289999999970e+01
1.008123619999999931e+01
1.019891600000000054e+01
1.053234209999999926e+01
1.045388890000000082e+01
1.043427559999999943e+01
1.037543570000000059e+01
1.015968939999999954e+01
1.004200960000000009e+01
9.943943100000000257e+00
1.012046280000000031e+01
1.029698250000000037e+01
1.065002190000000049e+01
1.066963520000000010e+01
1.047350220000000043e+01
1.029698250000000037e+01
1.041466229999999982e+01
1.033620909999999959e+01
1.031659579999999998e+01
1.041466229999999982e+01
1.057156870000000026e+01
1.041466229999999982e+01
1.025775589999999937e+01
1.019891600000000054e+01
1.023814259999999976e+01
1.031659579999999998e+01
1.037543570000000059e+01
1.025775589999999937e+01
1.008123619999999931e+01
1.019891600000000054e+01
1.019891600000000054e+01
1.012046280000000031e+01
1.021852930000000015e+01
1.023814259999999976e+01
1.029698250000000037e+01
1.041466229999999982e+01
1.029698250000000037e+01
1.025775589999999937e+01
1.033620909999999959e+01
1.037543570000000059e+01
1.039504900000000021e+01
1.023814259999999976e+01
1.035582240000000098e+01
1.047350220000000043e+01
1.029698250000000037e+01
1.021852930000000015e+01
1.012046280000000031e+01
1.017930270000000093e+01
1.029698250000000037e+01
1.033620909999999959e+01
1.019891600000000054e+01
1.017930270000000093e+01
1.019891600000000054e+01
1.031659579999999998e+01
1.045388890000000082e+01
1.051272879999999965e+01
1.039504900000000021e+01
1.043427559999999943e+01
1.035582240000000098e+01
1.017930270000000093e+01
1.027736920000000076e+01
1.027736920000000076e+01
1.041466229999999982e+01
1.039504900000000021e+01
1.027736920000000076e+01
1.021852930000000015e+01
1.021852930000000015e+01
1.031659579999999998e+01
1.035582240000000098e+01
1.039504900000000021e+01
1.043427559999999943e+01
1.045388890000000082e+01
1.029698250000000037e+01
1.019891600000000054e+01
1.019891600000000054e+01
1.027736920000000076e+01
1.029698250000000037e+01
1.025775589999999937e+01
1.023814259999999976e+01
1.019891600000000054e+01
1.023814259999999976e+01
1.033620909999999959e+01
1.017930270000000093e+01
1.025775589999999937e+01
1.029698250000000037e+01
1.031659579999999998e+01
1.047350220000000043e+01
1.039504900000000021e+01
1.035582240000000098e+01
1.017930270000000093e+01
1.002239630000000048e+01
1.017930270000000093e+01
1.039504900000000021e+01
1.037543570000000059e+01
1.045388890000000082e+01
1.047350220000000043e+01
1.031659579999999998e+01
1.027736920000000076e+01
1.033620909999999959e+01
1.049311550000000004e+01
1.045388890000000082e+01
1.043427559999999943e+01
1.027736920000000076e+01
1.041466229999999982e+01
1.037543570000000059e+01
1.037543570000000059e+01
1.019891600000000054e+01
1.033620909999999959e+01
1.025775589999999937e+01
1.021852930000000015e+01
1.023814259999999976e+01
1.037543570000000059e+01
1.031659579999999998e+01
1.033620909999999959e+01
1.015968939999999954e+01
1.021852930000000015e+01
1.045388890000000082e+01
1.041466229999999982e+01
1.033620909999999959e+01
1.029698250000000037e+01
1.025775589999999937e+01
1.031659579999999998e+01
1.023814259999999976e+01
1.029698250000000037e+01
1.037543570000000059e+01
1.027736920000000076e+01
1.031659579999999998e+01
1.031659579999999998e+01
1.019891600000000054e+01
1.025775589999999937e+01
1.037543570000000059e+01
1.025775589999999937e+01
1.037543570000000059e+01
1.033620909999999959e+01
1.023814259999999976e+01
1.035582240000000098e+01
1.051272879999999965e+01
1.043427559999999943e+01
1.049311550000000004e+01
1.057156870000000026e+01
1.051272879999999965e+01
1.045388890000000082e+01
1.051272879999999965e+01
1.033620909999999959e+01
1.045388890000000082e+01
1.039504900000000021e+01
1.035582240000000098e+01
1.033620909999999959e+01
1.027736920000000076e+01
1.041466229999999982e+01
1.041466229999999982e+01
1.021852930000000015e+01
1.012046280000000031e+01
1.006162289999999970e+01
1.010084950000000070e+01
1.012046280000000031e+01
1.023814259999999976e+01
1.021852930000000015e+01
1.014007609999999993e+01
1.015968939999999954e+01
1.017930270000000093e+01
1.004200960000000009e+01
9.963556399999999869e+00
1.010084950000000070e+01
1.017930270000000093e+01
1.010084950000000070e+01
9.845876600000000423e+00
1.008123619999999931e+01
1.006162289999999970e+01
9.885103199999999646e+00
9.787036699999999811e+00
9.845876600000000423e+00
9.904716499999999257e+00
9.865489900000000034e+00
9.806649999999999423e+00
9.904716499999999257e+00
9.904716499999999257e+00
9.747810100000000588e+00
9.649743600000000754e+00
9.826263300000000811e+00
1.008123619999999931e+01
9.943943100000000257e+00
9.787036699999999811e+00
9.708583499999999589e+00
9.845876600000000423e+00
9.924329800000000645e+00
9.806649999999999423e+00
9.904716499999999257e+00
1.012046280000000031e+01
1.012046280000000031e+01
1.004200960000000009e+01
1.006162289999999970e+01
1.004200960000000009e+01
1.002239630000000048e+01
1.033620909999999959e+01
1.025775589999999937e+01
1.015968939999999954e+01
1.027736920000000076e+01
1.025775589999999937e+01
1.027736920000000076e+01
1.021852930000000015e+01
1.033620909999999959e+01
1.045388890000000082e+01
1.055195540000000065e+01
1.063040860000000087e+01
1.031659579999999998e+01
1.023814259999999976e+01
1.033620909999999959e+01
1.057156870000000026e+01
1.057156870000000026e+01
1.047350220000000043e+01
1.041466229999999982e+01
1.049311550000000004e+01
1.053234209999999926e+01
1.041466229999999982e+01
1.014007609999999993e+01
1.029698250000000037e+01
1.043427559999999943e+01
1.045388890000000082e+01
1.027736920000000076e+01
1.031659579999999998e+01
1.053234209999999926e+01
1.053234209999999926e+01
1.059118199999999987e+01
1.035582240000000098e+01
1.039504900000000021e+01
1.033620909999999959e+01
1.029698250000000037e+01
1.051272879999999965e+01
1.039504900000000021e+01
1.031659579999999998e+01
1.041466229999999982e+01
1.066963520000000010e+01
1.029698250000000037e+01
9.943943100000000257e+00
9.904716499999999257e+00
1.033620909999999959e+01
1.051272879999999965e+01
1.049311550000000004e+01
1.039504900000000021e+01
1.055195540000000065e+01
1.035582240000000098e+01
1.014007609999999993e+01
1.006162289999999970e+01
1.025775589999999937e+01
1.039504900000000021e+01
1.051272879999999965e+01
1.049311550000000004e+01
1.037543570000000059e+01
1.012046280000000031e+01
1.014007609999999993e+01
1.019891600000000054e+01
1.027736920000000076e+01
1.027736920000000076e+01
1.055195540000000065e+01
1.051272879999999965e+01
1.019891600000000054e+01
1.014007609999999993e+01
1.027736920000000076e+01
1.043427559999999943e+01
1.035582240000000098e+01
1.027736920000000076e+01
1.041466229999999982e+01
1.055195540000000065e+01
1.061079529999999949e+01
1.043427559999999943e+01
1.027736920000000076e+01
1.008123619999999931e+01
1.023814259999999976e+01
1.055195540000000065e+01
1.049311550000000004e+01
1.049311550000000004e+01
1.061079529999999949e+01
1.068924849999999971e+01
1.049311550000000004e+01
1.041466229999999982e+01
1.039504900000000021e+01
1.059118199999999987e+01
1.053234209999999926e+01
1.041466229999999982e+01
1.043427559999999943e+01
1.029698250000000037e+01
1.043427559999999943e+01
1.057156870000000026e+01
1.051272879999999965e+01
1.055195540000000065e+01
1.049311550000000004e+01
1.045388890000000082e+01
1.049311550000000004e+01
1.049311550000000004e+01
1.037543570000000059e+01
1.027736920000000076e+01
1.035582240000000098e+01
1.035582240000000098e+01
1.063040860000000087e+01
1.066963520000000010e+01
1.035582240000000098e+01
1.010084950000000070e+01
1.033620909999999959e+01
1.041466229999999982e+01
1.029698250000000037e+01
1.049311550000000004e+01
1.033620909999999959e+01
1.033620909999999959e+01
1.025775589999999937e+01
1.037543570000000059e+01
1.047350220000000043e+01
1.045388890000000082e+01
1.045388890000000082e+01
1.041466229999999982e+01
1.035582240000000098e+01
1.025775589999999937e+01
1.031659579999999998e+01
1.035582240000000098e+01
1.047350220000000043e+01
1.027736920000000076e+01
1.043427559999999943e+01
1.053234209999999926e+01
1.041466229999999982e+01
1.035582240000000098e+01
1.019891600000000054e+01
1.002239630000000048e+01
1.025775589999999937e+01
1.041466229999999982e+01
1.014007609999999993e+01
1.047350220000000043e+01
1.055195540000000065e+01
1.051272879999999965e+01
1.017930270000000093e+01
1.021852930000000015e+01
1.037543570000000059e+01
1.051272879999999965e+01
1.037543570000000059e+01
1.031659579999999998e+01
1.033620909999999959e+01
1.029698250000000037e+01
1.031659579999999998e+01
1.025775589999999937e+01
1.025775589999999937e+01
1.037543570000000059e+01
1.035582240000000098e+01
1.039504900000000021e+01
1.023814259999999976e+01
1.019891600000000054e+01
1.029698250000000037e+01
1.017930270000000093e+01
1.015968939999999954e+01
1.008123619999999931e+01
1.021852930000000015e+01
1.025775589999999937e+01
1.033620909999999959e+01
1.017930270000000093e+01
1.037543570000000059e+01
1.041466229999999982e+01
1.035582240000000098e+01
1.049311550000000004e+01
1.033620909999999959e+01
1.045388890000000082e+01
1.043427559999999943e+01
1.037543570000000059e+01
1.021852930000000015e+01
1.033620909999999959e+01
1.049311550000000004e+01
1.051272879999999965e+01
1.045388890000000082e+01
1.041466229999999982e+01
1.035582240000000098e+01
1.037543570000000059e+01
1.031659579999999998e+01
1.031659579999999998e+01
1.025775589999999937e+01
1.029698250000000037e+01
1.021852930000000015e+01
1.041466229999999982e+01
1.039504900000000021e+01
1.029698250000000037e+01
1.021852930000000015e+01
1.015968939999999954e+01
1.021852930000000015e+01
1.027736920000000076e+01
1.023814259999999976e+01
1.029698250000000037e+01
1.023814259999999976e+01
1.006162289999999970e+01
1.017930270000000093e+01
1.012046280000000031e+01
1.025775589999999937e+01
1.029698250000000037e+01
1.029698250000000037e+01
1.021852930000000015e+01
1.023814259999999976e+01
1.023814259999999976e+01
1.027736920000000076e+01
1.027736920000000076e+01
1.041466229999999982e+01
1.027736920000000076e+01
1.031659579999999998e+01
1.035582240000000098e+01
1.033620909999999959e+01
1.033620909999999959e+01
1.043427559999999943e+01
1.033620909999999959e+01
1.037543570000000059e+01
1.039504900000000021e+01
1.043427559999999943e+01
1.041466229999999982e+01
1.041466229999999982e+01
1.039504900000000021e+01
1.027736920000000076e+01
1.027736920000000076e+01
1.033620909999999959e+01
1.027736920000000076e+01
1.031659579999999998e+01
1.025775589999999937e+01
1.019891600000000054e+01
1.029698250000000037e+01
1.027736920000000076e+01
1.031659579999999998e+01
1.025775589999999937e+01
1.029698250000000037e+01
1.031659579999999998e+01
1.027736920000000076e+01
1.027736920000000076e+01
1.025775589999999937e+01
1.027736920000000076e+01
1.025775589999999937e+01
1.029698250000000037e+01
1.035582240000000098e+01
1.029698250000000037e+01
1.033620909999999959e+01
1.029698250000000037e+01
1.027736920000000076e+01
1.033620909999999959e+01
1.037543570000000059e+01
1.023814259999999976e+01
1.025775589999999937e+01
1.023814259999999976e+01
1.031659579999999998e+01
1.033620909999999959e+01
1.025775589999999937e+01
1.023814259999999976e+01
1.023814259999999976e+01
1.027736920000000076e+01
1.023814259999999976e+01
1.033620909999999959e+01
1.025775589999999937e+01
1.029698250000000037e+01
1.023814259999999976e+01
1.031659579999999998e+01
1.031659579999999998e+01
1.025775589999999937e+01
1.037543570000000059e+01
1.039504900000000021e+01
1.031659579999999998e+01
1.029698250000000037e+01
1.029698250000000037e+01
1.035582240000000098e+01
1.037543570000000059e+01
1.037543570000000059e+01
1.033620909999999959e+01
1.031659579999999998e+01
1.031659579999999998e+01
1.035582240000000098e+01
1.029698250000000037e+01
1.037543570000000059e+01
1.039504900000000021e+01
1.037543570000000059e+01
1.027736920000000076e+01
1.035582240000000098e+01
1.023814259999999976e+01
1.017930270000000093e+01
1.037543570000000059e+01
1.017930270000000093e+01
1.014007609999999993e+01
1.015968939999999954e+01
1.000278300000000087e+01
9.767423400000000200e+00
1.102267460000000021e+01
1.070886179999999932e+01
1.049311550000000004e+01
1.047350220000000043e+01
1.010084950000000070e+01
1.015968939999999954e+01
1.008123619999999931e+01
9.865489900000000034e+00
1.004200960000000009e+01
1.037543570000000059e+01
9.943943100000000257e+00
1.074808840000000032e+01
1.063040860000000087e+01
1.066963520000000010e+01
1.057156870000000026e+01
1.133648739999999933e+01
1.057156870000000026e+01
9.845876600000000423e+00
1.072847510000000071e+01
1.086576819999999977e+01
1.070886179999999932e+01
1.047350220000000043e+01
1.068924849999999971e+01
1.059118199999999987e+01
1.063040860000000087e+01
1.082654160000000054e+01
1.086576819999999977e+01
1.045388890000000082e+01
1.070886179999999932e+01
1.078731499999999954e+01
1.043427559999999943e+01
1.035582240000000098e+01
1.045388890000000082e+01
1.072847510000000071e+01
1.082654160000000054e+01
1.074808840000000032e+01
1.047350220000000043e+01
1.035582240000000098e+01
1.039504900000000021e+01
1.035582240000000098e+01
1.041466229999999982e+01
1.041466229999999982e+01
1.049311550000000004e+01
1.065002190000000049e+01
1.049311550000000004e+01
1.014007609999999993e+01
1.043427559999999943e+01
1.059118199999999987e+01
1.055195540000000065e+01
1.047350220000000043e+01
1.037543570000000059e+01
1.019891600000000054e+01
1.031659579999999998e+01
1.031659579999999998e+01
1.041466229999999982e+01
1.031659579999999998e+01
1.037543570000000059e+01
1.033620909999999959e+01
1.017930270000000093e+01
1.027736920000000076e+01
1.045388890000000082e+01
1.035582240000000098e+01
1.019891600000000054e+01
1.017930270000000093e+01
1.012046280000000031e+01
1.010084950000000070e+01
1.006162289999999970e+01
1.014007609999999993e+01
1.017930270000000093e+01
1.023814259999999976e+01
1.008123619999999931e+01
1.029698250000000037e+01
1.019891600000000054e+01
1.014007609999999993e+01
1.031659579999999998e+01
1.041466229999999982e+01
1.029698250000000037e+01
1.019891600000000054e+01
9.904716499999999257e+00
1.010084950000000070e+01
1.027736920000000076e+01
1.031659579999999998e+01
1.010084950000000070e+01
1.019891600000000054e+01
1.015968939999999954e+01
1.019891600000000054e+01
1.014007609999999993e+01
1.008123619999999931e+01
1.012046280000000031e+01
1.047350220000000043e+01
1.072847510000000071e+01
1.029698250000000037e+01
1.000278300000000087e+01
1.010084950000000070e+01
1.039504900000000021e+01
1.047350220000000043e+01
1.023814259999999976e+01
1.002239630000000048e+01
1.010084950000000070e+01
1.043427559999999943e+01
1.051272879999999965e+01
1.025775589999999937e+01
1.004200960000000009e+01
1.012046280000000031e+01
1.008123619999999931e+01
1.029698250000000037e+01
1.015968939999999954e+01
1.015968939999999954e+01
1.027736920000000076e+01
1.031659579999999998e+01
1.029698250000000037e+01
1.029698250000000037e+01
1.029698250000000037e+01
1.025775589999999937e+01
1.019891600000000054e+01
1.004200960000000009e+01
1.015968939999999954e+01
1.035582240000000098e+01
1.027736920000000076e+01
1.004200960000000009e+01
9.924329800000000645e+00
1.006162289999999970e+01
1.012046280000000031e+01
1.015968939999999954e+01
1.008123619999999931e+01
1.027736920000000076e+01
1.019891600000000054e+01
1.023814259999999976e+01
1.023814259999999976e+01
1.019891600000000054e+01
1.023814259999999976e+01
1.031659579999999998e+01
1.015968939999999954e+01
9.983169699999999480e+00
9.983169699999999480e+00
1.014007609999999993e+01
1.033620909999999959e+01
1.047350220000000043e+01
1.021852930000000015e+01
1.015968939999999954e+01
1.008123619999999931e+01
1.000278300000000087e+01
9.963556399999999869e+00
1.015968939999999954e+01
1.029698250000000037e+01
1.031659579999999998e+01
1.014007609999999993e+01
1.006162289999999970e+01
1.012046280000000031e+01
1.017930270000000093e+01
1.033620909999999959e+01
1.031659579999999998e+01
1.037543570000000059e+01
1.027736920000000076e+01
1.045388890000000082e+01
1.037543570000000059e+01
1.010084950000000070e+01
1.015968939999999954e+01
1.039504900000000021e+01
1.039504900000000021e+01
1.051272879999999965e+01
1.065002190000000049e+01
1.021852930000000015e+01
1.023814259999999976e+01
1.019891600000000054e+01
1.025775589999999937e+01
1.025775589999999937e+01
1.027736920000000076e+01
1.037543570000000059e+01
1.029698250000000037e+01
1.019891600000000054e+01
1.002239630000000048e+01
1.010084950000000070e+01
1.012046280000000031e+01
1.010084950000000070e+01
1.010084950000000070e+01
1.021852930000000015e+01
1.014007609999999993e+01
1.012046280000000031e+01
1.006162289999999970e+01
1.010084950000000070e+01
1.021852930000000015e+01
1.041466229999999982e+01
1.039504900000000021e+01
1.033620909999999959e+01
1.037543570000000059e+01
1.025775589999999937e+01
1.025775589999999937e+01
1.037543570000000059e+01
1.049311550000000004e+01
1.051272879999999965e+01
1.051272879999999965e+01
1.039504900000000021e+01
1.035582240000000098e+01
1.041466229999999982e+01
1.031659579999999998e+01
1.037543570000000059e+01
1.027736920000000076e+01
1.023814259999999976e+01
1.019891600000000054e+01
1.017930270000000093e+01
1.006162289999999970e+01
1.031659579999999998e+01
1.037543570000000059e+01
1.047350220000000043e+01
1.045388890000000082e+01
1.059118199999999987e+01
1.053234209999999926e+01
1.033620909999999959e+01
1.031659579999999998e+01
1.043427559999999943e+01
1.049311550000000004e+01
1.045388890000000082e+01
1.041466229999999982e+01
1.023814259999999976e+01
1.021852930000000015e+01
1.027736920000000076e+01
1.039504900000000021e+01
1.057156870000000026e+01
1.043427559999999943e+01
1.035582240000000098e+01
1.021852930000000015e+01
1.025775589999999937e+01
1.031659579999999998e+01
1.037543570000000059e+01
1.043427559999999943e+01
1.035582240000000098e+01
1.029698250000000037e+01
1.023814259999999976e+01
1.017930270000000093e+01
1.017930270000000093e+01
1.017930270000000093e+01
1.021852930000000015e+01
1.025775589999999937e+01
1.021852930000000015e+01
1.033620909999999959e+01
1.031659579999999998e+01
1.010084950000000070e+01
1.008123619999999931e+01
1.010084950000000070e+01
1.015968939999999954e+01
1.015968939999999954e+01
1.035582240000000098e+01
1.015968939999999954e+01
1.035582240000000098e+01
1.031659579999999998e+01
1.025775589999999937e+01
1.023814259999999976e+01
