-1.961330000000000018e-01
-1.569064000000000014e-01
9.806650000000000089e-02
2.353596000000000021e-01
1.961330000000000018e-02
3.922660000000000036e-02
3.922660000000000036e-02
5.491724000000000050e-01
-1.569064000000000014e-01
-2.157463000000000020e-01
-2.157463000000000020e-01
1.961330000000000018e-02
2.157463000000000020e-01
9.806650000000000089e-02
1.961330000000000018e-02
-2.745862000000000025e-01
-1.372931000000000012e-01
-5.883990000000000054e-02
3.922660000000000036e-02
9.806650000000000089e-02
0.000000000000000000e+00
1.961330000000000018e-02
1.176798000000000011e-01
-9.806650000000000089e-02
-4.707192000000000043e-01
-4.707192000000000043e-01
-9.806650000000000089e-02
-1.569064000000000014e-01
-2.157463000000000020e-01
-3.334261000000000030e-01
1.176798000000000011e-01
7.845320000000000071e-02
1.961330000000000018e-02
-5.883990000000000054e-02
7.845320000000000071e-02
7.845320000000000071e-02
-5.883990000000000054e-02
1.176798000000000011e-01
3.334261000000000030e-01
7.845320000000000071e-02
-1.569064000000000014e-01
-3.922660000000000036e-01
-5.099458000000000046e-01
-2.941995000000000027e-01
-1.569064000000000014e-01
1.176798000000000011e-01
3.334261000000000030e-01
3.530394000000000032e-01
-2.353596000000000021e-01
-8.041453000000000628e-01
-1.216024599999999900e+00
-8.041453000000000628e-01
-2.157463000000000020e-01
3.138128000000000029e-01
3.334261000000000030e-01
4.314926000000000039e-01
3.922660000000000036e-01
3.138128000000000029e-01
3.726527000000000034e-01
5.883990000000000054e-02
-7.845320000000000071e-02
-3.726527000000000034e-01
-2.549729000000000023e-01
9.806650000000000089e-02
3.334261000000000030e-01
4.511059000000000041e-01
2.745862000000000025e-01
-7.845320000000000071e-02
-6.864654999999999507e-01
-7.453054000000000068e-01
-2.157463000000000020e-01
7.845320000000000071e-02
1.569064000000000014e-01
2.745862000000000025e-01
4.314926000000000039e-01
-1.961330000000000018e-02
-6.472389000000000614e-01
-7.060788000000000064e-01
-1.372931000000000012e-01
2.745862000000000025e-01
4.314926000000000039e-01
4.511059000000000041e-01
-5.883990000000000054e-02
-3.138128000000000029e-01
-1.372931000000000012e-01
2.157463000000000020e-01
2.745862000000000025e-01
2.157463000000000020e-01
-1.961330000000000018e-01
-1.372931000000000012e-01
-2.353596000000000021e-01
-1.765197000000000016e-01
-7.845320000000000071e-02
2.549729000000000023e-01
1.961330000000000018e-01
1.176798000000000011e-01
1.765197000000000016e-01
-3.922660000000000036e-02
-2.353596000000000021e-01
5.883990000000000054e-02
3.530394000000000032e-01
5.099458000000000046e-01
3.922660000000000036e-01
4.511059000000000041e-01
6.276256000000000057e-01
3.138128000000000029e-01
0.000000000000000000e+00
-3.726527000000000034e-01
-1.176798000000000011e-01
1.176798000000000011e-01
3.138128000000000029e-01
2.549729000000000023e-01
7.845320000000000071e-02
1.961330000000000018e-02
3.922660000000000036e-02
7.845320000000000071e-02
1.569064000000000014e-01
1.961330000000000018e-02
-1.961330000000000018e-01
7.845320000000000071e-02
4.707192000000000043e-01
2.941995000000000027e-01
1.176798000000000011e-01
-1.961330000000000018e-01
-1.961330000000000018e-01
-1.372931000000000012e-01
-1.961330000000000018e-02
2.549729000000000023e-01
4.707192000000000043e-01
1.569064000000000014e-01
-1.765197000000000016e-01
-2.745862000000000025e-01
0.000000000000000000e+00
1.569064000000000014e-01
1.961330000000000018e-02
3.922660000000000036e-02
4.314926000000000039e-01
7.649186999999999514e-01
7.649186999999999514e-01
2.157463000000000020e-01
-1.961330000000000018e-01
-2.745862000000000025e-01
-1.176798000000000011e-01
1.569064000000000014e-01
0.000000000000000000e+00
9.806650000000000089e-02
3.530394000000000032e-01
2.353596000000000021e-01
-1.569064000000000014e-01
-5.099458000000000046e-01
-2.353596000000000021e-01
2.353596000000000021e-01
5.099458000000000046e-01
5.687857000000000607e-01
2.353596000000000021e-01
-9.806650000000000089e-02
-3.138128000000000029e-01
9.806650000000000089e-02
5.491724000000000050e-01
4.707192000000000043e-01
1.176798000000000011e-01
5.883990000000000054e-02
3.922660000000000036e-02
3.138128000000000029e-01
3.530394000000000032e-01
1.569064000000000014e-01
-2.353596000000000021e-01
-5.491724000000000050e-01
-7.256921000000000621e-01
-4.118793000000000037e-01
-2.941995000000000027e-01
-7.845320000000000071e-02
1.176798000000000011e-01
3.334261000000000030e-01
3.530394000000000032e-01
1.961330000000000018e-01
1.372931000000000012e-01
0.000000000000000000e+00
-1.372931000000000012e-01
-2.353596000000000021e-01
-1.176798000000000011e-01
3.922660000000000036e-02
1.176798000000000011e-01
1.176798000000000011e-01
1.765197000000000016e-01
-3.922660000000000036e-02
-1.569064000000000014e-01
-2.157463000000000020e-01
-7.845320000000000071e-02
-5.883990000000000054e-02
-5.883990000000000054e-02
-1.569064000000000014e-01
-5.883990000000000054e-02
3.922660000000000036e-02
9.806650000000000089e-02
7.845320000000000071e-02
3.922660000000000036e-02
-5.883990000000000054e-02
-2.157463000000000020e-01
-1.765197000000000016e-01
-1.961330000000000018e-01
-2.353596000000000021e-01
-1.765197000000000016e-01
-1.372931000000000012e-01
-1.961330000000000018e-02
5.883990000000000054e-02
9.806650000000000089e-02
7.845320000000000071e-02
9.806650000000000089e-02
-1.176798000000000011e-01
-3.530394000000000032e-01
-1.961330000000000018e-01
0.000000000000000000e+00
5.883990000000000054e-02
5.883990000000000054e-02
5.883990000000000054e-02
1.961330000000000018e-01
3.530394000000000032e-01
2.941995000000000027e-01
7.845320000000000071e-02
-1.176798000000000011e-01
-4.903325000000000045e-01
-7.453054000000000068e-01
-5.687857000000000607e-01
-2.353596000000000021e-01
-1.961330000000000018e-01
-2.157463000000000020e-01
-2.353596000000000021e-01
-1.372931000000000012e-01
7.845320000000000071e-02
2.549729000000000023e-01
3.922660000000000036e-01
4.903325000000000045e-01
3.138128000000000029e-01
0.000000000000000000e+00
-9.806650000000000089e-02
0.000000000000000000e+00
1.961330000000000018e-02
0.000000000000000000e+00
-1.961330000000000018e-02
-1.961330000000000018e-02
-1.765197000000000016e-01
-7.845320000000000071e-02
9.806650000000000089e-02
2.353596000000000021e-01
9.806650000000000089e-02
1.372931000000000012e-01
9.806650000000000089e-02
1.176798000000000011e-01
-3.922660000000000036e-02
-9.806650000000000089e-02
-1.961330000000000018e-02
1.961330000000000018e-02
-3.922660000000000036e-02
-3.922660000000000036e-02
1.961330000000000018e-02
5.883990000000000054e-02
1.961330000000000018e-02
-7.845320000000000071e-02
-1.961330000000000018e-02
7.845320000000000071e-02
7.845320000000000071e-02
1.372931000000000012e-01
7.845320000000000071e-02
3.922660000000000036e-02
-1.961330000000000018e-02
-7.845320000000000071e-02
-1.372931000000000012e-01
-5.883990000000000054e-02
1.961330000000000018e-02
7.845320000000000071e-02
1.961330000000000018e-02
1.961330000000000018e-02
5.883990000000000054e-02
9.806650000000000089e-02
1.961330000000000018e-01
1.765197000000000016e-01
-1.961330000000000018e-02
5.883990000000000054e-02
1.961330000000000018e-02
5.883990000000000054e-02
1.961330000000000018e-02
1.961330000000000018e-02
-5.883990000000000054e-02
-3.922660000000000036e-02
-7.845320000000000071e-02
0.000000000000000000e+00
1.176798000000000011e-01
9.806650000000000089e-02
2.157463000000000020e-01
2.941995000000000027e-01
2.157463000000000020e-01
2.941995000000000027e-01
2.157463000000000020e-01
2.549729000000000023e-01
3.138128000000000029e-01
2.941995000000000027e-01
2.549729000000000023e-01
1.569064000000000014e-01
-2.549729000000000023e-01
-2.745862000000000025e-01
-3.530394000000000032e-01
-2.353596000000000021e-01
-1.569064000000000014e-01
1.765197000000000016e-01
2.157463000000000020e-01
7.845320000000000071e-02
-5.883990000000000054e-02
-3.138128000000000029e-01
-7.845320000000000071e-02
0.000000000000000000e+00
1.569064000000000014e-01
3.922660000000000036e-02
1.569064000000000014e-01
5.883990000000000054e-02
-1.961330000000000018e-02
0.000000000000000000e+00
-1.372931000000000012e-01
5.883990000000000054e-02
3.530394000000000032e-01
3.530394000000000032e-01
3.726527000000000034e-01
4.903325000000000045e-01
3.334261000000000030e-01
4.314926000000000039e-01
1.765197000000000016e-01
2.353596000000000021e-01
7.845320000000000071e-02
2.941995000000000027e-01
2.745862000000000025e-01
2.157463000000000020e-01
1.961330000000000018e-01
3.530394000000000032e-01
3.922660000000000036e-01
2.353596000000000021e-01
3.922660000000000036e-01
3.726527000000000034e-01
2.549729000000000023e-01
-2.745862000000000025e-01
-1.274864500000000067e+00
-1.431770900000000069e+00
-8.433718999999999522e-01
-1.961330000000000018e-02
3.922660000000000036e-01
4.118793000000000037e-01
9.806650000000000089e-02
-2.353596000000000021e-01
-2.157463000000000020e-01
3.530394000000000032e-01
4.118793000000000037e-01
4.118793000000000037e-01
1.569064000000000014e-01
2.157463000000000020e-01
2.745862000000000025e-01
3.530394000000000032e-01
3.334261000000000030e-01
1.765197000000000016e-01
2.941995000000000027e-01
4.314926000000000039e-01
2.941995000000000027e-01
5.295590999999999493e-01
3.726527000000000034e-01
4.903325000000000045e-01
2.157463000000000020e-01
2.157463000000000020e-01
1.176798000000000011e-01
-1.765197000000000016e-01
-6.864654999999999507e-01
-6.276256000000000057e-01
-5.687857000000000607e-01
-2.157463000000000020e-01
0.000000000000000000e+00
-3.922660000000000036e-02
-2.157463000000000020e-01
-3.334261000000000030e-01
-3.138128000000000029e-01
3.922660000000000036e-02
3.922660000000000036e-02
2.745862000000000025e-01
4.707192000000000043e-01
3.138128000000000029e-01
2.941995000000000027e-01
3.530394000000000032e-01
3.138128000000000029e-01
3.530394000000000032e-01
3.138128000000000029e-01
2.157463000000000020e-01
1.176798000000000011e-01
2.549729000000000023e-01
4.118793000000000037e-01
4.314926000000000039e-01
-1.765197000000000016e-01
2.157463000000000020e-01
3.530394000000000032e-01
3.726527000000000034e-01
-3.334261000000000030e-01
-9.022118000000000082e-01
-1.157184699999999955e+00
-1.157184699999999955e+00
-5.687857000000000607e-01
-2.157463000000000020e-01
-9.806650000000000089e-02
-9.806650000000000089e-02
-3.922660000000000036e-02
0.000000000000000000e+00
3.726527000000000034e-01
3.726527000000000034e-01
3.530394000000000032e-01
2.745862000000000025e-01
1.961330000000000018e-01
1.569064000000000014e-01
2.157463000000000020e-01
1.765197000000000016e-01
2.745862000000000025e-01
2.549729000000000023e-01
2.353596000000000021e-01
2.353596000000000021e-01
4.314926000000000039e-01
4.314926000000000039e-01
3.530394000000000032e-01
1.372931000000000012e-01
2.157463000000000020e-01
1.765197000000000016e-01
2.941995000000000027e-01
1.765197000000000016e-01
7.845320000000000071e-02
-4.903325000000000045e-01
-1.039504900000000065e+00
-1.490610800000000014e+00
-1.274864500000000067e+00
-7.060788000000000064e-01
-3.138128000000000029e-01
-3.922660000000000036e-02
3.922660000000000036e-02
9.806650000000000089e-02
3.334261000000000030e-01
3.922660000000000036e-01
4.511059000000000041e-01
4.707192000000000043e-01
4.707192000000000043e-01
4.511059000000000041e-01
3.530394000000000032e-01
2.353596000000000021e-01
1.765197000000000016e-01
1.961330000000000018e-01
3.138128000000000029e-01
7.845320000000000071e-02
-4.707192000000000043e-01
-5.883990000000000054e-01
-2.157463000000000020e-01
5.883990000000000054e-02
2.157463000000000020e-01
1.569064000000000014e-01
1.569064000000000014e-01
5.883990000000000054e-02
-1.765197000000000016e-01
-2.353596000000000021e-01
-9.806650000000000089e-02
-1.961330000000000018e-02
1.961330000000000018e-02
3.922660000000000036e-02
3.922660000000000036e-02
-3.922660000000000036e-02
-7.845320000000000071e-02
-1.372931000000000012e-01
-3.922660000000000036e-02
1.176798000000000011e-01
2.157463000000000020e-01
1.765197000000000016e-01
1.372931000000000012e-01
-1.569064000000000014e-01
-1.765197000000000016e-01
-1.765197000000000016e-01
-3.922660000000000036e-02
-9.806650000000000089e-02
-3.922660000000000036e-02
-1.961330000000000018e-01
-1.765197000000000016e-01
-1.372931000000000012e-01
5.883990000000000054e-02
3.138128000000000029e-01
4.314926000000000039e-01
1.961330000000000018e-01
3.922660000000000036e-02
-3.922660000000000036e-02
-3.922660000000000036e-02
0.000000000000000000e+00
1.176798000000000011e-01
9.806650000000000089e-02
9.806650000000000089e-02
2.353596000000000021e-01
9.806650000000000089e-02
5.883990000000000054e-02
-1.569064000000000014e-01
-2.353596000000000021e-01
5.883990000000000054e-02
1.372931000000000012e-01
1.176798000000000011e-01
-1.176798000000000011e-01
-1.765197000000000016e-01
-5.883990000000000054e-02
-2.157463000000000020e-01
-4.511059000000000041e-01
-6.080122999999999500e-01
-1.765197000000000016e-01
1.961330000000000018e-01
2.745862000000000025e-01
1.765197000000000016e-01
2.941995000000000027e-01
9.806650000000000089e-02
-1.961330000000000018e-02
-1.961330000000000018e-02
0.000000000000000000e+00
-1.961330000000000018e-01
-3.726527000000000034e-01
-3.138128000000000029e-01
-1.569064000000000014e-01
3.922660000000000036e-02
1.176798000000000011e-01
1.765197000000000016e-01
-1.961330000000000018e-02
-3.922660000000000036e-02
-3.922660000000000036e-02
-3.922660000000000036e-02
-1.569064000000000014e-01
-7.845320000000000071e-02
7.845320000000000071e-02
9.806650000000000089e-02
5.883990000000000054e-02
7.845320000000000071e-02
9.806650000000000089e-02
1.765197000000000016e-01
1.569064000000000014e-01
9.806650000000000089e-02
1.372931000000000012e-01
7.845320000000000071e-02
3.922660000000000036e-02
-7.845320000000000071e-02
-2.549729000000000023e-01
-3.138128000000000029e-01
-1.372931000000000012e-01
3.922660000000000036e-02
7.845320000000000071e-02
1.961330000000000018e-02
0.000000000000000000e+00
1.961330000000000018e-02
1.961330000000000018e-02
3.922660000000000036e-02
9.806650000000000089e-02
9.806650000000000089e-02
7.845320000000000071e-02
1.176798000000000011e-01
5.883990000000000054e-02
1.569064000000000014e-01
5.883990000000000054e-02
-1.961330000000000018e-02
-7.845320000000000071e-02
-7.845320000000000071e-02
-3.922660000000000036e-02
3.922660000000000036e-02
7.845320000000000071e-02
0.000000000000000000e+00
1.961330000000000018e-02
5.883990000000000054e-02
1.765197000000000016e-01
1.176798000000000011e-01
-5.883990000000000054e-02
0.000000000000000000e+00
5.883990000000000054e-02
1.961330000000000018e-02
5.883990000000000054e-02
7.845320000000000071e-02
5.883990000000000054e-02
1.961330000000000018e-02
-1.176798000000000011e-01
1.961330000000000018e-02
0.000000000000000000e+00
-5.883990000000000054e-02
0.000000000000000000e+00
3.922660000000000036e-02
1.372931000000000012e-01
-3.922660000000000036e-02
3.922660000000000036e-02
1.372931000000000012e-01
5.883990000000000054e-02
5.883990000000000054e-02
0.000000000000000000e+00
-9.806650000000000089e-02
0.000000000000000000e+00
1.961330000000000018e-02
5.883990000000000054e-02
0.000000000000000000e+00
-3.922660000000000036e-02
1.961330000000000018e-02
0.000000000000000000e+00
-3.922660000000000036e-02
1.961330000000000018e-02
-1.961330000000000018e-02
-1.961330000000000018e-02
-1.569064000000000014e-01
-1.372931000000000012e-01
-3.922660000000000036e-02
1.176798000000000011e-01
1.961330000000000018e-01
1.765197000000000016e-01
0.000000000000000000e+00
-2.157463000000000020e-01
-2.157463000000000020e-01
-5.883990000000000054e-02
5.883990000000000054e-02
9.806650000000000089e-02
5.883990000000000054e-02
-1.569064000000000014e-01
-1.569064000000000014e-01
-1.176798000000000011e-01
9.806650000000000089e-02
7.845320000000000071e-02
1.961330000000000018e-02
-5.883990000000000054e-02
5.883990000000000054e-02
9.806650000000000089e-02
7.845320000000000071e-02
1.961330000000000018e-02
1.961330000000000018e-02
1.176798000000000011e-01
0.000000000000000000e+00
-5.883990000000000054e-02
-3.922660000000000036e-02
-3.922660000000000036e-02
3.922660000000000036e-02
-1.961330000000000018e-02
9.806650000000000089e-02
1.961330000000000018e-01
3.922660000000000036e-02
-9.806650000000000089e-02
-2.157463000000000020e-01
-9.806650000000000089e-02
1.961330000000000018e-02
-1.961330000000000018e-02
-5.883990000000000054e-02
-5.883990000000000054e-02
-7.845320000000000071e-02
-1.372931000000000012e-01
-3.922660000000000036e-02
1.176798000000000011e-01
7.845320000000000071e-02
1.961330000000000018e-02
0.000000000000000000e+00
5.883990000000000054e-02
3.922660000000000036e-02
1.961330000000000018e-02
-3.922660000000000036e-02
-5.883990000000000054e-02
3.922660000000000036e-02
7.845320000000000071e-02
-7.845320000000000071e-02
-5.883990000000000054e-02
3.922660000000000036e-02
-3.922660000000000036e-02
-1.176798000000000011e-01
-3.922660000000000036e-02
1.961330000000000018e-02
1.961330000000000018e-02
-1.372931000000000012e-01
-1.372931000000000012e-01
-1.961330000000000018e-02
-1.961330000000000018e-02
0.000000000000000000e+00
-9.806650000000000089e-02
1.961330000000000018e-02
0.000000000000000000e+00
9.806650000000000089e-02
7.845320000000000071e-02
9.806650000000000089e-02
-5.883990000000000054e-02
-1.372931000000000012e-01
0.000000000000000000e+00
-1.961330000000000018e-02
1.961330000000000018e-02
2.353596000000000021e-01
7.845320000000000071e-02
-9.806650000000000089e-02
-3.334261000000000030e-01
-1.176798000000000011e-01
0.000000000000000000e+00
1.961330000000000018e-02
1.372931000000000012e-01
1.176798000000000011e-01
1.176798000000000011e-01
1.569064000000000014e-01
9.806650000000000089e-02
3.922660000000000036e-02
-7.845320000000000071e-02
-3.922660000000000036e-02
5.883990000000000054e-02
1.961330000000000018e-02
-1.176798000000000011e-01
-3.922660000000000036e-02
-1.372931000000000012e-01
-1.961330000000000018e-02
-9.806650000000000089e-02
-1.765197000000000016e-01
-5.883990000000000054e-02
9.806650000000000089e-02
3.922660000000000036e-02
-5.883990000000000054e-02
9.806650000000000089e-02
1.765197000000000016e-01
1.372931000000000012e-01
7.845320000000000071e-02
0.000000000000000000e+00
5.883990000000000054e-02
-3.922660000000000036e-02
-9.806650000000000089e-02
-7.845320000000000071e-02
1.176798000000000011e-01
-1.961330000000000018e-02
-3.922660000000000036e-02
-1.961330000000000018e-02
7.845320000000000071e-02
-3.922660000000000036e-02
-7.845320000000000071e-02
-3.922660000000000036e-02
-7.845320000000000071e-02
0.000000000000000000e+00
3.922660000000000036e-02
-1.961330000000000018e-02
0.000000000000000000e+00
1.372931000000000012e-01
7.845320000000000071e-02
3.922660000000000036e-02
-1.961330000000000018e-02
1.961330000000000018e-02
-7.845320000000000071e-02
0.000000000000000000e+00
0.000000000000000000e+00
-3.922660000000000036e-02
-3.922660000000000036e-02
-3.922660000000000036e-02
0.000000000000000000e+00
5.883990000000000054e-02
1.961330000000000018e-02
1.961330000000000018e-02
3.922660000000000036e-02
5.883990000000000054e-02
7.845320000000000071e-02
1.961330000000000018e-02
7.845320000000000071e-02
5.883990000000000054e-02
0.000000000000000000e+00
-7.845320000000000071e-02
3.922660000000000036e-02
-3.922660000000000036e-02
3.922660000000000036e-02
7.845320000000000071e-02
0.000000000000000000e+00
-5.883990000000000054e-02
-9.806650000000000089e-02
-9.806650000000000089e-02
1.961330000000000018e-02
5.883990000000000054e-02
0.000000000000000000e+00
0.000000000000000000e+00
3.922660000000000036e-02
-3.922660000000000036e-02
-3.922660000000000036e-02
1.961330000000000018e-02
0.000000000000000000e+00
-7.845320000000000071e-02
-3.922660000000000036e-02
-3.922660000000000036e-02
0.000000000000000000e+00
-1.961330000000000018e-02
-1.176798000000000011e-01
-1.961330000000000018e-01
-5.883990000000000054e-02
-3.922660000000000036e-02
-9.806650000000000089e-02
-9.806650000000000089e-02
9.806650000000000089e-02
7.845320000000000071e-02
5.883990000000000054e-02
0.000000000000000000e+00
0.000000000000000000e+00
0.000000000000000000e+00
0.000000000000000000e+00
-3.922660000000000036e-02
-5.883990000000000054e-02
-5.883990000000000054e-02
0.000000000000000000e+00
3.922660000000000036e-02
0.000000000000000000e+00
-3.922660000000000036e-02
-1.961330000000000018e-02
5.883990000000000054e-02
7.845320000000000071e-02
-1.961330000000000018e-02
3.922660000000000036e-02
0.000000000000000000e+00
-1.961330000000000018e-02
-3.922660000000000036e-02
1.961330000000000018e-02
1.961330000000000018e-02
-1.961330000000000018e-02
-1.961330000000000018e-02
-9.806650000000000089e-02
1.961330000000000018e-02
-1.961330000000000018e-02
5.883990000000000054e-02
1.372931000000000012e-01
-3.922660000000000036e-02
-9.806650000000000089e-02
-7.845320000000000071e-02
-5.883990000000000054e-02
1.961330000000000018e-02
0.000000000000000000e+00
0.000000000000000000e+00
1.961330000000000018e-02
3.922660000000000036e-02
-1.961330000000000018e-02
-7.845320000000000071e-02
-5.883990000000000054e-02
0.000000000000000000e+00
-3.922660000000000036e-02
-1.961330000000000018e-02
-7.845320000000000071e-02
0.000000000000000000e+00
1.569064000000000014e-01
5.883990000000000054e-02
0.000000000000000000e+00
-3.922660000000000036e-02
-1.961330000000000018e-02
5.883990000000000054e-02
9.806650000000000089e-02
3.922660000000000036e-02
-1.569064000000000014e-01
-7.845320000000000071e-02
3.922660000000000036e-02
1.569064000000000014e-01
7.845320000000000071e-02
-5.883990000000000054e-02
-5.883990000000000054e-02
-7.845320000000000071e-02
-9.806650000000000089e-02
-5.883990000000000054e-02
3.922660000000000036e-02
0.000000000000000000e+00
-1.961330000000000018e-02
1.961330000000000018e-02
-1.961330000000000018e-02
-1.961330000000000018e-02
-1.961330000000000018e-02
-1.961330000000000018e-02
0.000000000000000000e+00
-3.922660000000000036e-02
1.961330000000000018e-02
0.000000000000000000e+00
-7.845320000000000071e-02
-1.961330000000000018e-02
3.922660000000000036e-02
-1.961330000000000018e-02
-5.883990000000000054e-02
-5.883990000000000054e-02
5.883990000000000054e-02
7.845320000000000071e-02
5.883990000000000054e-02
-1.961330000000000018e-02
0.000000000000000000e+00
-5.883990000000000054e-02
-7.845320000000000071e-02
-5.883990000000000054e-02
-5.883990000000000054e-02
-9.806650000000000089e-02
-1.765197000000000016e-01
7.845320000000000071e-02
1.961330000000000018e-02
0.000000000000000000e+00
0.000000000000000000e+00
1.961330000000000018e-02
1.961330000000000018e-02
1.961330000000000018e-02
-1.961330000000000018e-02
9.806650000000000089e-02
0.000000000000000000e+00
-1.961330000000000018e-02
-1.961330000000000018e-02
7.845320000000000071e-02
1.961330000000000018e-02
7.845320000000000071e-02
0.000000000000000000e+00
-1.961330000000000018e-02
0.000000000000000000e+00
1.176798000000000011e-01
1.961330000000000018e-02
-3.922660000000000036e-02
0.000000000000000000e+00
1.961330000000000018e-01
9.806650000000000089e-02
1.961330000000000018e-02
-1.176798000000000011e-01
-3.922660000000000036e-02
0.000000000000000000e+00
-1.961330000000000018e-02
-3.922660000000000036e-02
9.806650000000000089e-02
9.806650000000000089e-02
5.883990000000000054e-02
1.176798000000000011e-01
1.176798000000000011e-01
1.176798000000000011e-01
0.000000000000000000e+00
-7.845320000000000071e-02
-5.883990000000000054e-02
-7.845320000000000071e-02
-9.806650000000000089e-02
-1.176798000000000011e-01
0.000000000000000000e+00
5.883990000000000054e-02
-1.961330000000000018e-02
-1.961330000000000018e-02
5.883990000000000054e-02
1.176798000000000011e-01
-7.845320000000000071e-02
-7.845320000000000071e-02
0.000000000000000000e+00
-7.845320000000000071e-02
-3.922660000000000036e-02
-1.961330000000000018e-02
1.961330000000000018e-02
3.922660000000000036e-02
3.922660000000000036e-02
7.845320000000000071e-02
1.176798000000000011e-01
-3.922660000000000036e-02
-9.806650000000000089e-02
-1.961330000000000018e-02
1.961330000000000018e-02
3.922660000000000036e-02
-3.922660000000000036e-02
0.000000000000000000e+00
1.961330000000000018e-02
3.922660000000000036e-02
-3.922660000000000036e-02
0.000000000000000000e+00
7.845320000000000071e-02
0.000000000000000000e+00
-1.961330000000000018e-02
9.806650000000000089e-02
-1.961330000000000018e-02
-9.806650000000000089e-02
5.883990000000000054e-02
5.883990000000000054e-02
0.000000000000000000e+00
-5.883990000000000054e-02
-9.806650000000000089e-02
0.000000000000000000e+00
3.922660000000000036e-02
9.806650000000000089e-02
9.806650000000000089e-02
7.845320000000000071e-02
0.000000000000000000e+00
0.000000000000000000e+00
0.000000000000000000e+00
-3.922660000000000036e-02
3.922660000000000036e-02
-1.961330000000000018e-02
1.961330000000000018e-02
9.806650000000000089e-02
1.765197000000000016e-01
1.961330000000000018e-02
9.806650000000000089e-02
9.806650000000000089e-02
3.922660000000000036e-02
5.883990000000000054e-02
0.000000000000000000e+00
1.569064000000000014e-01
1.765197000000000016e-01
1.372931000000000012e-01
-1.961330000000000018e-02
-1.176798000000000011e-01
-1.176798000000000011e-01
1.176798000000000011e-01
2.745862000000000025e-01
-1.961330000000000018e-02
-1.569064000000000014e-01
-1.372931000000000012e-01
-1.372931000000000012e-01
-5.883990000000000054e-02
-1.961330000000000018e-02
-5.883990000000000054e-02
-3.922660000000000036e-02
-9.806650000000000089e-02
1.961330000000000018e-02
5.883990000000000054e-02
-1.961330000000000018e-02
-1.176798000000000011e-01
-3.922660000000000036e-02
1.961330000000000018e-02
1.176798000000000011e-01
1.765197000000000016e-01
1.569064000000000014e-01
-1.588677300000000070e+00
-2.353596000000000021e-01
2.353596000000000021e-01
1.765197000000000016e-01
3.726527000000000034e-01
5.883990000000000054e-02
1.372931000000000012e-01
1.372931000000000012e-01
1.961330000000000018e-02
2.157463000000000020e-01
-1.961330000000000018e-02
-5.883990000000000054e-02
3.922660000000000036e-02
-9.806650000000000089e-02
1.961330000000000018e-02
2.745862000000000025e-01
1.569064000000000014e-01
1.961330000000000018e-01
1.176798000000000011e-01
-5.883990000000000054e-02
-7.845320000000000071e-02
7.845320000000000071e-02
1.961330000000000018e-02
2.353596000000000021e-01
-1.961330000000000018e-01
-7.845320000000000071e-02
-1.176798000000000011e-01
3.922660000000000036e-02
3.922660000000000036e-02
1.372931000000000012e-01
7.845320000000000071e-02
7.845320000000000071e-02
-5.883990000000000054e-02
5.883990000000000054e-02
1.372931000000000012e-01
7.845320000000000071e-02
7.845320000000000071e-02
-3.922660000000000036e-02
-3.922660000000000036e-02
3.922660000000000036e-02
-1.961330000000000018e-02
-1.961330000000000018e-02
0.000000000000000000e+00
3.922660000000000036e-02
0.000000000000000000e+00
-1.961330000000000018e-02
1.961330000000000018e-02
-9.806650000000000089e-02
-9.806650000000000089e-02
-1.961330000000000018e-02
-5.883990000000000054e-02
3.922660000000000036e-02
5.883990000000000054e-02
0.000000000000000000e+00
3.922660000000000036e-02
1.961330000000000018e-02
7.845320000000000071e-02
5.883990000000000054e-02
1.372931000000000012e-01
0.000000000000000000e+00
1.176798000000000011e-01
7.845320000000000071e-02
-3.922660000000000036e-02
-3.922660000000000036e-02
-3.922660000000000036e-02
5.883990000000000054e-02
0.000000000000000000e+00
0.000000000000000000e+00
3.922660000000000036e-02
7.845320000000000071e-02
1.961330000000000018e-02
3.922660000000000036e-02
9.806650000000000089e-02
9.806650000000000089e-02
1.176798000000000011e-01
-7.845320000000000071e-02
3.922660000000000036e-02
-3.922660000000000036e-02
-7.845320000000000071e-02
-1.961330000000000018e-02
-7.845320000000000071e-02
-5.883990000000000054e-02
-7.845320000000000071e-02
-1.176798000000000011e-01
-3.922660000000000036e-02
3.922660000000000036e-02
-5.883990000000000054e-02
-3.922660000000000036e-02
5.883990000000000054e-02
3.922660000000000036e-02
0.000000000000000000e+00
-5.883990000000000054e-02
-5.883990000000000054e-02
3.922660000000000036e-02
1.961330000000000018e-02
3.922660000000000036e-02
-1.961330000000000018e-02
-5.883990000000000054e-02
-9.806650000000000089e-02
-1.961330000000000018e-02
1.372931000000000012e-01
1.176798000000000011e-01
1.961330000000000018e-01
1.372931000000000012e-01
9.806650000000000089e-02
1.961330000000000018e-02
3.922660000000000036e-02
3.922660000000000036e-02
-1.961330000000000018e-02
1.961330000000000018e-02
0.000000000000000000e+00
0.000000000000000000e+00
1.176798000000000011e-01
-5.883990000000000054e-02
-1.961330000000000018e-02
-1.176798000000000011e-01
-1.176798000000000011e-01
-7.845320000000000071e-02
0.000000000000000000e+00
7.845320000000000071e-02
9.806650000000000089e-02
1.961330000000000018e-02
1.176798000000000011e-01
1.961330000000000018e-02
9.806650000000000089e-02
1.961330000000000018e-02
0.000000000000000000e+00
3.922660000000000036e-02
-1.569064000000000014e-01
1.961330000000000018e-02
5.883990000000000054e-02
3.922660000000000036e-02
3.922660000000000036e-02
-9.806650000000000089e-02
-9.806650000000000089e-02
-3.922660000000000036e-02
-1.961330000000000018e-02
3.922660000000000036e-02
-7.845320000000000071e-02
7.845320000000000071e-02
1.961330000000000018e-02
7.845320000000000071e-02
1.961330000000000018e-02
1.961330000000000018e-02
1.961330000000000018e-02
1.961330000000000018e-02
-1.961330000000000018e-02
-1.569064000000000014e-01
-9.806650000000000089e-02
-7.845320000000000071e-02
-5.883990000000000054e-02
-1.765197000000000016e-01
-3.726527000000000034e-01
-1.372931000000000012e-01
1.961330000000000018e-02
1.961330000000000018e-01
3.138128000000000029e-01
2.745862000000000025e-01
1.961330000000000018e-01
1.176798000000000011e-01
1.176798000000000011e-01
1.372931000000000012e-01
1.176798000000000011e-01
0.000000000000000000e+00
-1.176798000000000011e-01
-1.765197000000000016e-01
-1.961330000000000018e-01
-1.961330000000000018e-01
-1.176798000000000011e-01
-5.883990000000000054e-02
1.961330000000000018e-02
-1.961330000000000018e-02
-5.883990000000000054e-02
-9.806650000000000089e-02
-7.845320000000000071e-02
9.806650000000000089e-02
-5.883990000000000054e-02
0.000000000000000000e+00
0.000000000000000000e+00
-3.922660000000000036e-02
-5.883990000000000054e-02
-3.922660000000000036e-02
-1.961330000000000018e-02
0.000000000000000000e+00
7.845320000000000071e-02
-3.922660000000000036e-02
-7.845320000000000071e-02
-1.961330000000000018e-02
-7.845320000000000071e-02
7.845320000000000071e-02
-1.961330000000000018e-02
-3.922660000000000036e-02
-9.806650000000000089e-02
-1.176798000000000011e-01
-7.845320000000000071e-02
-5.883990000000000054e-02
5.883990000000000054e-02
9.806650000000000089e-02
1.372931000000000012e-01
1.569064000000000014e-01
9.806650000000000089e-02
9.806650000000000089e-02
-7.845320000000000071e-02
-1.961330000000000018e-02
-3.922660000000000036e-02
-1.569064000000000014e-01
-3.922660000000000036e-02
0.000000000000000000e+00
5.883990000000000054e-02
1.176798000000000011e-01
-1.961330000000000018e-02
1.961330000000000018e-02
0.000000000000000000e+00
3.922660000000000036e-02
5.883990000000000054e-02
-1.961330000000000018e-02
3.922660000000000036e-02
-7.845320000000000071e-02
5.883990000000000054e-02
1.372931000000000012e-01
1.765197000000000016e-01
3.726527000000000034e-01
2.941995000000000027e-01
1.569064000000000014e-01
3.922660000000000036e-02
-1.372931000000000012e-01
0.000000000000000000e+00
7.845320000000000071e-02
3.922660000000000036e-02
-9.806650000000000089e-02
-2.745862000000000025e-01
-2.353596000000000021e-01
-3.138128000000000029e-01
-2.941995000000000027e-01
1.961330000000000018e-02
1.961330000000000018e-01
3.922660000000000036e-01
2.157463000000000020e-01
1.569064000000000014e-01
-1.765197000000000016e-01
-4.118793000000000037e-01
-3.334261000000000030e-01
-4.903325000000000045e-01
1.961330000000000018e-01
-3.922660000000000036e-02
-5.883990000000000054e-02
-3.922660000000000036e-02
-1.961330000000000018e-01
-1.372931000000000012e-01
-1.765197000000000016e-01
3.922660000000000036e-02
3.922660000000000036e-01
5.883990000000000054e-02
2.157463000000000020e-01
-5.883990000000000054e-02
3.922660000000000036e-02
7.845320000000000071e-02
1.569064000000000014e-01
4.118793000000000037e-01
2.549729000000000023e-01
5.491724000000000050e-01
4.118793000000000037e-01
1.569064000000000014e-01
-9.806650000000000089e-02
1.961330000000000018e-02
1.765197000000000016e-01
1.765197000000000016e-01
-1.765197000000000016e-01
-5.883990000000000054e-02
-1.961330000000000018e-02
-5.883990000000000054e-02
-4.118793000000000037e-01
-1.372931000000000012e-01
-2.353596000000000021e-01
-3.922660000000000036e-02
-1.176798000000000011e-01
9.806650000000000089e-02
3.922660000000000036e-01
1.569064000000000014e-01
-7.845320000000000071e-02
-1.961330000000000018e-02
1.569064000000000014e-01
2.745862000000000025e-01
1.372931000000000012e-01
3.334261000000000030e-01
1.372931000000000012e-01
-5.883990000000000054e-02
-2.941995000000000027e-01
-2.353596000000000021e-01
-1.569064000000000014e-01
-3.922660000000000036e-01
-3.138128000000000029e-01
-1.372931000000000012e-01
-2.745862000000000025e-01
-2.549729000000000023e-01
-2.353596000000000021e-01
-1.176798000000000011e-01
-2.941995000000000027e-01
-3.726527000000000034e-01
-1.176798000000000011e-01
-1.569064000000000014e-01
-3.922660000000000036e-02
3.922660000000000036e-02
1.176798000000000011e-01
9.806650000000000089e-02
-1.569064000000000014e-01
-5.883990000000000054e-02
-7.845320000000000071e-02
-1.176798000000000011e-01
-2.941995000000000027e-01
-3.726527000000000034e-01
-3.922660000000000036e-01
-1.765197000000000016e-01
-2.941995000000000027e-01
-1.961330000000000018e-02
-3.530394000000000032e-01
-2.157463000000000020e-01
-3.922660000000000036e-01
-2.745862000000000025e-01
-9.806650000000000089e-02
-1.372931000000000012e-01
-1.176798000000000011e-01
0.000000000000000000e+00
-9.806650000000000089e-02
-9.806650000000000089e-02
-7.845320000000000071e-02
-1.569064000000000014e-01
-1.765197000000000016e-01
-5.883990000000000054e-02
1.372931000000000012e-01
-3.922660000000000036e-02
-2.941995000000000027e-01
-9.806650000000000089e-02
0.000000000000000000e+00
1.372931000000000012e-01
-5.883990000000000054e-02
-9.806650000000000089e-02
-2.157463000000000020e-01
-3.726527000000000034e-01
-3.530394000000000032e-01
-1.765197000000000016e-01
3.922660000000000036e-02
5.883990000000000054e-02
7.845320000000000071e-02
-1.765197000000000016e-01
-2.157463000000000020e-01
-4.118793000000000037e-01
-2.157463000000000020e-01
3.922660000000000036e-02
1.961330000000000018e-02
5.883990000000000054e-02
-5.883990000000000054e-02
-1.176798000000000011e-01
-1.961330000000000018e-01
-2.157463000000000020e-01
-5.883990000000000054e-02
3.922660000000000036e-02
1.176798000000000011e-01
7.845320000000000071e-02
1.961330000000000018e-02
-9.806650000000000089e-02
-1.176798000000000011e-01
-1.372931000000000012e-01
0.000000000000000000e+00
-1.765197000000000016e-01
9.806650000000000089e-02
-9.806650000000000089e-02
1.765197000000000016e-01
-1.961330000000000018e-01
1.961330000000000018e-02
3.922660000000000036e-02
1.961330000000000018e-01
1.372931000000000012e-01
-3.726527000000000034e-01
-2.157463000000000020e-01
-1.176798000000000011e-01
1.176798000000000011e-01
2.353596000000000021e-01
1.765197000000000016e-01
1.372931000000000012e-01
-1.372931000000000012e-01
-3.530394000000000032e-01
-5.883990000000000054e-02
-7.845320000000000071e-02
7.845320000000000071e-02
-2.353596000000000021e-01
-1.176798000000000011e-01
-2.941995000000000027e-01
-2.745862000000000025e-01
-2.941995000000000027e-01
-4.314926000000000039e-01
-5.883990000000000054e-02
2.549729000000000023e-01
2.745862000000000025e-01
4.707192000000000043e-01
3.530394000000000032e-01
5.491724000000000050e-01
3.726527000000000034e-01
4.707192000000000043e-01
4.707192000000000043e-01
3.138128000000000029e-01
-1.569064000000000014e-01
-5.295590999999999493e-01
-6.276256000000000057e-01
-3.334261000000000030e-01
-1.176798000000000011e-01
0.000000000000000000e+00
1.372931000000000012e-01
0.000000000000000000e+00
3.922660000000000036e-02
-1.372931000000000012e-01
-3.922660000000000036e-02
1.372931000000000012e-01
4.511059000000000041e-01
4.707192000000000043e-01
3.726527000000000034e-01
3.138128000000000029e-01
2.549729000000000023e-01
-1.961330000000000018e-02
-2.353596000000000021e-01
-4.511059000000000041e-01
-3.530394000000000032e-01
7.845320000000000071e-02
3.138128000000000029e-01
3.726527000000000034e-01
2.157463000000000020e-01
5.883990000000000054e-02
-1.961330000000000018e-02
1.372931000000000012e-01
2.941995000000000027e-01
4.118793000000000037e-01
4.511059000000000041e-01
4.314926000000000039e-01
1.176798000000000011e-01
-7.845320000000000071e-02
-2.353596000000000021e-01
-1.372931000000000012e-01
1.176798000000000011e-01
9.806650000000000089e-02
9.806650000000000089e-02
-1.176798000000000011e-01
-2.353596000000000021e-01
-3.138128000000000029e-01
-3.922660000000000036e-02
3.922660000000000036e-02
2.549729000000000023e-01
2.745862000000000025e-01
2.941995000000000027e-01
3.334261000000000030e-01
2.549729000000000023e-01
4.314926000000000039e-01
4.707192000000000043e-01
4.707192000000000043e-01
4.118793000000000037e-01
1.765197000000000016e-01
2.549729000000000023e-01
-1.961330000000000018e-02
-1.176798000000000011e-01
-1.569064000000000014e-01
-1.176798000000000011e-01
-9.806650000000000089e-02
-1.176798000000000011e-01
-7.845320000000000071e-02
-1.176798000000000011e-01
1.961330000000000018e-02
1.176798000000000011e-01
2.157463000000000020e-01
1.765197000000000016e-01
1.569064000000000014e-01
9.806650000000000089e-02
9.806650000000000089e-02
-5.883990000000000054e-02
-9.806650000000000089e-02
-7.845320000000000071e-02
3.922660000000000036e-02
5.883990000000000054e-02
1.961330000000000018e-01
3.138128000000000029e-01
4.511059000000000041e-01
3.922660000000000036e-01
4.118793000000000037e-01
5.099458000000000046e-01
2.941995000000000027e-01
9.806650000000000089e-02
-2.745862000000000025e-01
-2.941995000000000027e-01
-2.941995000000000027e-01
-2.941995000000000027e-01
-3.922660000000000036e-02
-7.845320000000000071e-02
1.961330000000000018e-02
0.000000000000000000e+00
7.845320000000000071e-02
1.569064000000000014e-01
1.569064000000000014e-01
3.334261000000000030e-01
1.765197000000000016e-01
2.549729000000000023e-01
1.372931000000000012e-01
-7.845320000000000071e-02
-3.138128000000000029e-01
-3.922660000000000036e-01
-2.941995000000000027e-01
-1.569064000000000014e-01
-5.883990000000000054e-02
2.353596000000000021e-01
1.569064000000000014e-01
9.806650000000000089e-02
9.806650000000000089e-02
9.806650000000000089e-02
2.745862000000000025e-01
2.549729000000000023e-01
3.922660000000000036e-01
3.334261000000000030e-01
2.745862000000000025e-01
1.569064000000000014e-01
-3.922660000000000036e-02
-5.883990000000000054e-02
-9.806650000000000089e-02
-5.883990000000000054e-02
-3.922660000000000036e-02
5.883990000000000054e-02
9.806650000000000089e-02
7.845320000000000071e-02
3.922660000000000036e-02
0.000000000000000000e+00
0.000000000000000000e+00
1.961330000000000018e-02
1.961330000000000018e-02
-9.806650000000000089e-02
-3.922660000000000036e-02
-1.765197000000000016e-01
-5.883990000000000054e-02
9.806650000000000089e-02
1.372931000000000012e-01
1.765197000000000016e-01
1.569064000000000014e-01
1.176798000000000011e-01
1.176798000000000011e-01
1.176798000000000011e-01
1.372931000000000012e-01
9.806650000000000089e-02
5.883990000000000054e-02
-9.806650000000000089e-02
-1.176798000000000011e-01
-1.569064000000000014e-01
-1.176798000000000011e-01
-7.845320000000000071e-02
1.961330000000000018e-02
-9.806650000000000089e-02
-3.922660000000000036e-02
1.961330000000000018e-02
7.845320000000000071e-02
1.176798000000000011e-01
1.569064000000000014e-01
2.353596000000000021e-01
3.726527000000000034e-01
4.314926000000000039e-01
3.334261000000000030e-01
1.569064000000000014e-01
9.806650000000000089e-02
-9.806650000000000089e-02
-1.765197000000000016e-01
-5.883990000000000054e-02
1.372931000000000012e-01
1.961330000000000018e-01
3.138128000000000029e-01
3.922660000000000036e-01
3.726527000000000034e-01
3.530394000000000032e-01
4.118793000000000037e-01
4.707192000000000043e-01
3.334261000000000030e-01
2.157463000000000020e-01
3.922660000000000036e-02
1.176798000000000011e-01
9.806650000000000089e-02
1.961330000000000018e-02
-1.176798000000000011e-01
0.000000000000000000e+00
3.922660000000000036e-02
1.569064000000000014e-01
1.176798000000000011e-01
2.157463000000000020e-01
2.745862000000000025e-01
4.511059000000000041e-01
3.726527000000000034e-01
4.314926000000000039e-01
2.353596000000000021e-01
0.000000000000000000e+00
-1.372931000000000012e-01
5.883990000000000054e-02
1.961330000000000018e-01
1.569064000000000014e-01
3.922660000000000036e-02
-1.372931000000000012e-01
-9.806650000000000089e-02
1.765197000000000016e-01
1.961330000000000018e-01
2.353596000000000021e-01
1.765197000000000016e-01
2.549729000000000023e-01
2.745862000000000025e-01
1.765197000000000016e-01
2.157463000000000020e-01
1.765197000000000016e-01
3.530394000000000032e-01
4.314926000000000039e-01
2.157463000000000020e-01
1.176798000000000011e-01
1.961330000000000018e-01
1.372931000000000012e-01
1.372931000000000012e-01
1.372931000000000012e-01
3.530394000000000032e-01
9.806650000000000089e-02
1.372931000000000012e-01
1.961330000000000018e-02
1.961330000000000018e-02
9.806650000000000089e-02
2.745862000000000025e-01
2.353596000000000021e-01
2.549729000000000023e-01
0.000000000000000000e+00
9.806650000000000089e-02
1.765197000000000016e-01
3.138128000000000029e-01
1.961330000000000018e-01
1.176798000000000011e-01
2.745862000000000025e-01
3.138128000000000029e-01
1.372931000000000012e-01
1.176798000000000011e-01
0.000000000000000000e+00
0.000000000000000000e+00
2.157463000000000020e-01
2.549729000000000023e-01
2.549729000000000023e-01
2.353596000000000021e-01
2.549729000000000023e-01
3.138128000000000029e-01
5.099458000000000046e-01
3.530394000000000032e-01
0.000000000000000000e+00
-1.176798000000000011e-01
-3.334261000000000030e-01
-7.845320000000000071e-02
1.961330000000000018e-02
2.157463000000000020e-01
2.353596000000000021e-01
7.845320000000000071e-02
-3.922660000000000036e-02
-2.745862000000000025e-01
-1.569064000000000014e-01
-5.883990000000000054e-02
1.961330000000000018e-01
2.353596000000000021e-01
4.118793000000000037e-01
2.353596000000000021e-01
3.138128000000000029e-01
3.922660000000000036e-02
-1.372931000000000012e-01
-9.806650000000000089e-02
1.372931000000000012e-01
2.941995000000000027e-01
3.138128000000000029e-01
2.549729000000000023e-01
0.000000000000000000e+00
-1.961330000000000018e-01
-2.745862000000000025e-01
-1.176798000000000011e-01
5.883990000000000054e-02
1.372931000000000012e-01
9.806650000000000089e-02
-7.845320000000000071e-02
-1.765197000000000016e-01
-2.353596000000000021e-01
-3.726527000000000034e-01
-4.314926000000000039e-01
-4.903325000000000045e-01
-1.961330000000000018e-01
3.922660000000000036e-02
2.745862000000000025e-01
1.372931000000000012e-01
3.922660000000000036e-02
-3.922660000000000036e-02
-1.569064000000000014e-01
-1.176798000000000011e-01
1.961330000000000018e-02
3.922660000000000036e-01
3.530394000000000032e-01
1.961330000000000018e-01
9.806650000000000089e-02
7.845320000000000071e-02
3.530394000000000032e-01
4.707192000000000043e-01
3.334261000000000030e-01
0.000000000000000000e+00
-1.961330000000000018e-02
5.883990000000000054e-02
-7.845320000000000071e-02
-5.883990000000000054e-02
-2.549729000000000023e-01
-2.157463000000000020e-01
-1.569064000000000014e-01
1.961330000000000018e-02
1.372931000000000012e-01
-7.845320000000000071e-02
-2.941995000000000027e-01
-6.864654999999999507e-01
-6.864654999999999507e-01
-3.334261000000000030e-01
-7.845320000000000071e-02
-5.883990000000000054e-02
-9.806650000000000089e-02
-1.961330000000000018e-02
1.961330000000000018e-02
2.549729000000000023e-01
2.941995000000000027e-01
3.726527000000000034e-01
1.765197000000000016e-01
3.922660000000000036e-02
-1.176798000000000011e-01
-9.806650000000000089e-02
-1.176798000000000011e-01
5.883990000000000054e-02
1.372931000000000012e-01
2.549729000000000023e-01
5.883990000000000054e-02
7.845320000000000071e-02
-7.845320000000000071e-02
-3.530394000000000032e-01
-4.707192000000000043e-01
-3.922660000000000036e-01
-3.334261000000000030e-01
-1.961330000000000018e-02
-5.883990000000000054e-02
0.000000000000000000e+00
-1.961330000000000018e-02
-1.765197000000000016e-01
-2.745862000000000025e-01
-3.530394000000000032e-01
-1.372931000000000012e-01
-1.372931000000000012e-01
-5.883990000000000054e-02
-1.569064000000000014e-01
-1.176798000000000011e-01
-1.569064000000000014e-01
5.883990000000000054e-02
2.157463000000000020e-01
2.941995000000000027e-01
1.176798000000000011e-01
1.176798000000000011e-01
-7.845320000000000071e-02
-1.176798000000000011e-01
-1.765197000000000016e-01
-2.549729000000000023e-01
-1.176798000000000011e-01
-1.569064000000000014e-01
-9.806650000000000089e-02
-1.569064000000000014e-01
-1.765197000000000016e-01
-5.883990000000000054e-02
-2.353596000000000021e-01
-7.845320000000000071e-02
-7.845320000000000071e-02
-1.961330000000000018e-02
1.176798000000000011e-01
1.961330000000000018e-02
5.883990000000000054e-02
-7.845320000000000071e-02
-1.961330000000000018e-02
-7.845320000000000071e-02
3.922660000000000036e-02
1.961330000000000018e-01
2.157463000000000020e-01
1.961330000000000018e-02
1.961330000000000018e-02
-9.806650000000000089e-02
-3.922660000000000036e-02
-9.806650000000000089e-02
-1.176798000000000011e-01
-1.765197000000000016e-01
-1.569064000000000014e-01
-1.372931000000000012e-01
-1.372931000000000012e-01
-7.845320000000000071e-02
-1.961330000000000018e-02
-3.922660000000000036e-02
-9.806650000000000089e-02
-2.157463000000000020e-01
-1.961330000000000018e-01
-9.806650000000000089e-02
-5.883990000000000054e-02
-9.806650000000000089e-02
-1.765197000000000016e-01
-1.961330000000000018e-02
1.961330000000000018e-02
3.922660000000000036e-02
1.961330000000000018e-01
5.883990000000000054e-02
1.961330000000000018e-02
-9.806650000000000089e-02
-1.765197000000000016e-01
-3.922660000000000036e-02
1.961330000000000018e-02
5.883990000000000054e-02
-5.883990000000000054e-02
-5.883990000000000054e-02
-1.176798000000000011e-01
1.961330000000000018e-02
5.883990000000000054e-02
-3.922660000000000036e-02
0.000000000000000000e+00
0.000000000000000000e+00
-1.961330000000000018e-02
9.806650000000000089e-02
0.000000000000000000e+00
1.372931000000000012e-01
1.176798000000000011e-01
1.961330000000000018e-02
-7.845320000000000071e-02
-9.806650000000000089e-02
-1.961330000000000018e-02
0.000000000000000000e+00
-5.883990000000000054e-02
5.883990000000000054e-02
5.883990000000000054e-02
7.845320000000000071e-02
-3.922660000000000036e-02
-9.806650000000000089e-02
-1.765197000000000016e-01
-1.765197000000000016e-01
-7.845320000000000071e-02
-3.922660000000000036e-02
-9.806650000000000089e-02
-3.922660000000000036e-02
1.961330000000000018e-02
-3.922660000000000036e-02
9.806650000000000089e-02
3.922660000000000036e-02
3.922660000000000036e-02
-7.845320000000000071e-02
0.000000000000000000e+00
0.000000000000000000e+00
-5.883990000000000054e-02
-5.883990000000000054e-02
-5.883990000000000054e-02
-1.961330000000000018e-02
3.922660000000000036e-02
5.883990000000000054e-02
3.922660000000000036e-02
-5.883990000000000054e-02
-1.961330000000000018e-02
-3.922660000000000036e-02
0.000000000000000000e+00
-7.845320000000000071e-02
-1.961330000000000018e-02
-5.883990000000000054e-02
-5.883990000000000054e-02
1.961330000000000018e-02
3.922660000000000036e-02
1.961330000000000018e-02
5.883990000000000054e-02
-5.883990000000000054e-02
-5.883990000000000054e-02
-3.922660000000000036e-02
1.961330000000000018e-02
-5.883990000000000054e-02
-5.883990000000000054e-02
-5.883990000000000054e-02
-5.883990000000000054e-02
-3.922660000000000036e-02
5.883990000000000054e-02
7.845320000000000071e-02
0.000000000000000000e+00
1.961330000000000018e-02
3.922660000000000036e-02
0.000000000000000000e+00
-5.883990000000000054e-02
-3.922660000000000036e-02
-3.922660000000000036e-02
-9.806650000000000089e-02
-1.176798000000000011e-01
-7.845320000000000071e-02
0.000000000000000000e+00
2.353596000000000021e-01
1.961330000000000018e-02
-1.765197000000000016e-01
-5.883990000000000054e-02
5.883990000000000054e-02
-1.765197000000000016e-01
5.883990000000000054e-02
-2.549729000000000023e-01
-1.176798000000000011e-01
-1.372931000000000012e-01
-1.176798000000000011e-01
-3.922660000000000036e-01
-1.961330000000000018e-02
-5.687857000000000607e-01
1.372931000000000012e-01
-2.157463000000000020e-01
1.961330000000000018e-02
-5.491724000000000050e-01
-7.453054000000000068e-01
-5.099458000000000046e-01
-5.099458000000000046e-01
5.883990000000000054e-01
2.941995000000000027e-01
3.334261000000000030e-01
3.922660000000000036e-02
-2.353596000000000021e-01
-7.845320000000000071e-02
5.883990000000000054e-02
2.745862000000000025e-01
5.883990000000000054e-02
-5.491724000000000050e-01
-5.883990000000000054e-02
4.707192000000000043e-01
2.549729000000000023e-01
-9.806650000000000089e-02
-4.118793000000000037e-01
-1.961330000000000018e-01
1.176798000000000011e-01
6.472389000000000614e-01
7.845320000000000071e-02
-3.726527000000000034e-01
-7.845320000000000071e-01
-3.138128000000000029e-01
1.372931000000000012e-01
1.765197000000000016e-01
-1.372931000000000012e-01
-4.707192000000000043e-01
-4.118793000000000037e-01
-2.353596000000000021e-01
5.883990000000000054e-02
-1.961330000000000018e-02
1.372931000000000012e-01
1.961330000000000018e-02
-2.745862000000000025e-01
-3.138128000000000029e-01
-3.922660000000000036e-02
3.334261000000000030e-01
3.726527000000000034e-01
0.000000000000000000e+00
-3.530394000000000032e-01
-5.687857000000000607e-01
-4.314926000000000039e-01
-1.372931000000000012e-01
0.000000000000000000e+00
3.922660000000000036e-02
5.883990000000000054e-02
-9.806650000000000089e-02
-1.961330000000000018e-01
-1.961330000000000018e-01
-9.806650000000000089e-02
-1.372931000000000012e-01
-3.138128000000000029e-01
-4.118793000000000037e-01
-4.314926000000000039e-01
-2.549729000000000023e-01
-5.883990000000000054e-02
-3.922660000000000036e-02
-3.922660000000000036e-02
-2.353596000000000021e-01
-1.569064000000000014e-01
-2.745862000000000025e-01
-2.745862000000000025e-01
1.961330000000000018e-02
4.511059000000000041e-01
5.883990000000000054e-01
3.922660000000000036e-02
-3.922660000000000036e-01
-6.080122999999999500e-01
-4.314926000000000039e-01
-1.961330000000000018e-01
-1.176798000000000011e-01
-3.922660000000000036e-02
7.845320000000000071e-02
2.157463000000000020e-01
2.353596000000000021e-01
-1.961330000000000018e-01
-5.099458000000000046e-01
-1.765197000000000016e-01
2.353596000000000021e-01
2.157463000000000020e-01
-1.569064000000000014e-01
-3.726527000000000034e-01
-1.569064000000000014e-01
1.765197000000000016e-01
2.353596000000000021e-01
1.961330000000000018e-02
-1.372931000000000012e-01
5.883990000000000054e-02
2.157463000000000020e-01
1.372931000000000012e-01
-7.845320000000000071e-02
-4.118793000000000037e-01
-4.314926000000000039e-01
-1.961330000000000018e-02
1.961330000000000018e-01
2.549729000000000023e-01
3.922660000000000036e-02
0.000000000000000000e+00
3.922660000000000036e-02
1.765197000000000016e-01
4.118793000000000037e-01
2.745862000000000025e-01
-7.845320000000000071e-02
-2.549729000000000023e-01
-1.372931000000000012e-01
5.883990000000000054e-02
1.961330000000000018e-01
2.745862000000000025e-01
-3.922660000000000036e-02
-3.726527000000000034e-01
-4.903325000000000045e-01
-2.549729000000000023e-01
5.883990000000000054e-02
1.961330000000000018e-02
0.000000000000000000e+00
-1.372931000000000012e-01
-2.157463000000000020e-01
-1.961330000000000018e-01
9.806650000000000089e-02
3.922660000000000036e-01
5.099458000000000046e-01
2.549729000000000023e-01
-1.176798000000000011e-01
-2.353596000000000021e-01
-1.765197000000000016e-01
1.765197000000000016e-01
5.687857000000000607e-01
4.903325000000000045e-01
3.530394000000000032e-01
-5.883990000000000054e-02
-2.941995000000000027e-01
-2.549729000000000023e-01
-7.845320000000000071e-02
-3.922660000000000036e-02
0.000000000000000000e+00
0.000000000000000000e+00
0.000000000000000000e+00
-1.961330000000000018e-02
5.883990000000000054e-02
7.845320000000000071e-02
9.806650000000000089e-02
2.745862000000000025e-01
6.276256000000000057e-01
4.707192000000000043e-01
1.372931000000000012e-01
-3.922660000000000036e-02
-2.745862000000000025e-01
-4.314926000000000039e-01
-1.961330000000000018e-01
7.845320000000000071e-02
2.549729000000000023e-01
4.314926000000000039e-01
3.922660000000000036e-01
1.961330000000000018e-01
7.845320000000000071e-02
7.845320000000000071e-02
7.845320000000000071e-02
1.765197000000000016e-01
1.372931000000000012e-01
7.845320000000000071e-02
-1.569064000000000014e-01
-3.530394000000000032e-01
-3.138128000000000029e-01
-2.745862000000000025e-01
-7.845320000000000071e-02
3.922660000000000036e-02
9.806650000000000089e-02
3.922660000000000036e-02
-3.334261000000000030e-01
-4.314926000000000039e-01
-3.334261000000000030e-01
1.961330000000000018e-02
3.138128000000000029e-01
2.941995000000000027e-01
2.353596000000000021e-01
2.353596000000000021e-01
1.569064000000000014e-01
3.138128000000000029e-01
3.726527000000000034e-01
3.922660000000000036e-01
2.745862000000000025e-01
1.961330000000000018e-01
1.176798000000000011e-01
7.845320000000000071e-02
-5.883990000000000054e-02
-1.765197000000000016e-01
-1.176798000000000011e-01
-1.176798000000000011e-01
-1.569064000000000014e-01
-1.961330000000000018e-01
-1.176798000000000011e-01
-7.845320000000000071e-02
3.922660000000000036e-02
2.745862000000000025e-01
5.099458000000000046e-01
4.511059000000000041e-01
-3.922660000000000036e-02
-5.687857000000000607e-01
-5.295590999999999493e-01
-2.745862000000000025e-01
2.549729000000000023e-01
4.118793000000000037e-01
3.726527000000000034e-01
2.745862000000000025e-01
1.372931000000000012e-01
1.569064000000000014e-01
2.157463000000000020e-01
2.549729000000000023e-01
2.353596000000000021e-01
9.806650000000000089e-02
-9.806650000000000089e-02
-1.961330000000000018e-01
-1.569064000000000014e-01
-1.176798000000000011e-01
-5.883990000000000054e-02
3.922660000000000036e-02
9.806650000000000089e-02
9.806650000000000089e-02
1.176798000000000011e-01
1.372931000000000012e-01
9.806650000000000089e-02
1.569064000000000014e-01
1.961330000000000018e-01
2.549729000000000023e-01
2.941995000000000027e-01
3.922660000000000036e-02
-1.961330000000000018e-01
-3.138128000000000029e-01
-3.530394000000000032e-01
-2.941995000000000027e-01
-1.961330000000000018e-02
1.765197000000000016e-01
3.922660000000000036e-01
4.314926000000000039e-01
