7.256921000000000621e-01
9.414384000000000086e-01
5.491724000000000050e-01
3.922660000000000036e-01
1.765197000000000016e-01
5.491724000000000050e-01
8.433718999999999522e-01
5.883990000000000054e-02
7.256921000000000621e-01
6.864654999999999507e-01
8.629852000000000078e-01
8.041453000000000628e-01
7.845320000000000071e-01
5.883990000000000054e-01
2.353596000000000021e-01
4.903325000000000045e-01
8.629852000000000078e-01
5.687857000000000607e-01
2.941995000000000027e-01
1.176798000000000011e-01
5.883990000000000054e-02
9.806650000000000089e-02
-1.569064000000000014e-01
-2.941995000000000027e-01
-2.745862000000000025e-01
-1.961330000000000018e-01
-5.883990000000000054e-02
7.845320000000000071e-02
-5.883990000000000054e-02
-1.569064000000000014e-01
-1.372931000000000012e-01
-2.353596000000000021e-01
-5.883990000000000054e-02
7.845320000000000071e-02
2.157463000000000020e-01
0.000000000000000000e+00
2.157463000000000020e-01
1.569064000000000014e-01
1.961330000000000018e-01
-2.157463000000000020e-01
-3.726527000000000034e-01
2.549729000000000023e-01
3.726527000000000034e-01
1.569064000000000014e-01
3.922660000000000036e-02
1.569064000000000014e-01
3.138128000000000029e-01
3.334261000000000030e-01
2.353596000000000021e-01
1.569064000000000014e-01
2.941995000000000027e-01
4.118793000000000037e-01
4.118793000000000037e-01
4.903325000000000045e-01
3.726527000000000034e-01
5.099458000000000046e-01
1.372931000000000012e-01
1.961330000000000018e-02
3.530394000000000032e-01
7.649186999999999514e-01
7.845320000000000071e-01
7.256921000000000621e-01
5.491724000000000050e-01
4.118793000000000037e-01
4.511059000000000041e-01
7.845320000000000071e-01
8.433718999999999522e-01
4.118793000000000037e-01
3.726527000000000034e-01
5.295590999999999493e-01
1.000278299999999954e+00
7.649186999999999514e-01
1.569064000000000014e-01
1.765197000000000016e-01
6.668522000000000061e-01
9.022118000000000082e-01
9.022118000000000082e-01
5.687857000000000607e-01
4.314926000000000039e-01
6.276256000000000057e-01
7.649186999999999514e-01
3.726527000000000034e-01
1.569064000000000014e-01
1.961330000000000018e-01
7.060788000000000064e-01
7.256921000000000621e-01
4.314926000000000039e-01
1.372931000000000012e-01
3.922660000000000036e-02
6.472389000000000614e-01
8.237586000000000075e-01
1.000278299999999954e+00
8.433718999999999522e-01
8.041453000000000628e-01
6.080122999999999500e-01
8.433718999999999522e-01
9.806650000000000089e-01
1.157184699999999955e+00
1.117958100000000066e+00
1.235637899999999956e+00
1.157184699999999955e+00
9.806650000000000089e-01
6.668522000000000061e-01
5.099458000000000046e-01
9.806650000000000089e-01
7.649186999999999514e-01
2.941995000000000027e-01
7.845320000000000071e-02
1.372931000000000012e-01
6.080122999999999500e-01
9.022118000000000082e-01
9.218250999999999529e-01
3.922660000000000036e-01
9.806650000000000089e-02
5.295590999999999493e-01
9.218250999999999529e-01
8.237586000000000075e-01
2.745862000000000025e-01
-5.883990000000000054e-02
1.569064000000000014e-01
7.453054000000000068e-01
8.433718999999999522e-01
9.022118000000000082e-01
7.453054000000000068e-01
5.099458000000000046e-01
2.941995000000000027e-01
1.961330000000000018e-01
4.314926000000000039e-01
5.491724000000000050e-01
3.138128000000000029e-01
3.726527000000000034e-01
7.845320000000000071e-01
1.019891600000000009e+00
6.472389000000000614e-01
7.845320000000000071e-02
-2.353596000000000021e-01
2.549729000000000023e-01
8.041453000000000628e-01
1.216024599999999900e+00
1.000278299999999954e+00
6.276256000000000057e-01
3.530394000000000032e-01
4.707192000000000043e-01
6.472389000000000614e-01
5.295590999999999493e-01
4.314926000000000039e-01
5.687857000000000607e-01
5.295590999999999493e-01
2.941995000000000027e-01
3.334261000000000030e-01
5.687857000000000607e-01
9.022118000000000082e-01
8.041453000000000628e-01
5.687857000000000607e-01
2.941995000000000027e-01
2.353596000000000021e-01
2.745862000000000025e-01
4.118793000000000037e-01
4.314926000000000039e-01
2.941995000000000027e-01
-1.961330000000000018e-02
4.314926000000000039e-01
8.433718999999999522e-01
9.610517000000000643e-01
4.707192000000000043e-01
9.806650000000000089e-02
-5.883990000000000054e-02
1.569064000000000014e-01
4.903325000000000045e-01
7.845320000000000071e-01
2.941995000000000027e-01
1.765197000000000016e-01
2.745862000000000025e-01
4.314926000000000039e-01
2.941995000000000027e-01
1.961330000000000018e-01
2.941995000000000027e-01
5.491724000000000050e-01
2.549729000000000023e-01
2.157463000000000020e-01
1.765197000000000016e-01
5.099458000000000046e-01
3.530394000000000032e-01
1.569064000000000014e-01
1.961330000000000018e-01
2.941995000000000027e-01
4.511059000000000041e-01
3.922660000000000036e-01
2.745862000000000025e-01
9.806650000000000089e-02
-7.845320000000000071e-02
2.157463000000000020e-01
5.491724000000000050e-01
4.314926000000000039e-01
1.765197000000000016e-01
1.765197000000000016e-01
1.569064000000000014e-01
1.569064000000000014e-01
3.138128000000000029e-01
4.903325000000000045e-01
3.138128000000000029e-01
1.372931000000000012e-01
1.961330000000000018e-02
1.961330000000000018e-01
1.961330000000000018e-01
-1.961330000000000018e-02
-1.961330000000000018e-01
-1.176798000000000011e-01
1.961330000000000018e-02
3.922660000000000036e-02
1.372931000000000012e-01
1.961330000000000018e-01
1.372931000000000012e-01
3.922660000000000036e-02
-7.845320000000000071e-02
-5.883990000000000054e-02
-3.922660000000000036e-02
1.961330000000000018e-02
-1.372931000000000012e-01
-7.845320000000000071e-02
1.569064000000000014e-01
5.099458000000000046e-01
7.453054000000000068e-01
6.080122999999999500e-01
3.530394000000000032e-01
5.883990000000000054e-02
3.922660000000000036e-02
1.569064000000000014e-01
2.745862000000000025e-01
2.745862000000000025e-01
2.745862000000000025e-01
2.941995000000000027e-01
2.745862000000000025e-01
2.157463000000000020e-01
-1.961330000000000018e-02
3.922660000000000036e-02
9.806650000000000089e-02
7.845320000000000071e-02
2.157463000000000020e-01
3.726527000000000034e-01
4.314926000000000039e-01
2.353596000000000021e-01
2.549729000000000023e-01
3.334261000000000030e-01
2.353596000000000021e-01
-1.961330000000000018e-02
9.806650000000000089e-02
3.530394000000000032e-01
6.276256000000000057e-01
4.903325000000000045e-01
1.765197000000000016e-01
3.138128000000000029e-01
3.726527000000000034e-01
1.765197000000000016e-01
9.806650000000000089e-02
1.961330000000000018e-01
2.941995000000000027e-01
1.961330000000000018e-01
2.941995000000000027e-01
3.334261000000000030e-01
2.157463000000000020e-01
1.372931000000000012e-01
2.353596000000000021e-01
4.118793000000000037e-01
3.334261000000000030e-01
4.314926000000000039e-01
3.530394000000000032e-01
2.745862000000000025e-01
9.806650000000000089e-02
3.922660000000000036e-02
1.569064000000000014e-01
2.549729000000000023e-01
3.530394000000000032e-01
4.314926000000000039e-01
4.314926000000000039e-01
4.511059000000000041e-01
3.334261000000000030e-01
1.569064000000000014e-01
1.961330000000000018e-01
2.549729000000000023e-01
2.941995000000000027e-01
2.549729000000000023e-01
3.530394000000000032e-01
3.530394000000000032e-01
2.157463000000000020e-01
9.806650000000000089e-02
0.000000000000000000e+00
7.845320000000000071e-02
5.883990000000000054e-02
5.883990000000000054e-02
1.961330000000000018e-02
-1.961330000000000018e-02
-5.883990000000000054e-02
-1.372931000000000012e-01
-1.372931000000000012e-01
-1.961330000000000018e-02
3.922660000000000036e-02
-5.883990000000000054e-02
-3.922660000000000036e-02
-7.845320000000000071e-02
1.961330000000000018e-01
3.334261000000000030e-01
2.745862000000000025e-01
-3.922660000000000036e-02
-9.806650000000000089e-02
3.138128000000000029e-01
4.118793000000000037e-01
1.961330000000000018e-02
5.883990000000000054e-02
2.353596000000000021e-01
2.745862000000000025e-01
3.922660000000000036e-02
-5.883990000000000054e-02
3.922660000000000036e-02
3.138128000000000029e-01
3.530394000000000032e-01
1.765197000000000016e-01
1.372931000000000012e-01
1.961330000000000018e-01
1.765197000000000016e-01
2.941995000000000027e-01
1.961330000000000018e-01
1.569064000000000014e-01
1.176798000000000011e-01
3.138128000000000029e-01
-1.961330000000000018e-02
-9.806650000000000089e-02
-5.883990000000000054e-02
0.000000000000000000e+00
5.883990000000000054e-02
-5.883990000000000054e-02
-1.961330000000000018e-02
1.961330000000000018e-02
1.569064000000000014e-01
1.961330000000000018e-01
-1.961330000000000018e-02
-1.961330000000000018e-02
1.372931000000000012e-01
5.491724000000000050e-01
6.864654999999999507e-01
7.845320000000000071e-01
6.472389000000000614e-01
1.765197000000000016e-01
7.845320000000000071e-02
1.961330000000000018e-01
2.157463000000000020e-01
3.726527000000000034e-01
1.569064000000000014e-01
1.176798000000000011e-01
5.883990000000000054e-02
-3.922660000000000036e-02
-9.806650000000000089e-02
-2.157463000000000020e-01
1.961330000000000018e-01
3.922660000000000036e-02
-9.806650000000000089e-02
-7.845320000000000071e-02
-1.176798000000000011e-01
9.806650000000000089e-02
9.806650000000000089e-02
1.569064000000000014e-01
1.961330000000000018e-01
1.765197000000000016e-01
1.569064000000000014e-01
-5.883990000000000054e-02
1.961330000000000018e-02
2.549729000000000023e-01
1.372931000000000012e-01
1.372931000000000012e-01
1.961330000000000018e-01
4.903325000000000045e-01
6.668522000000000061e-01
7.060788000000000064e-01
5.491724000000000050e-01
3.138128000000000029e-01
-1.961330000000000018e-02
-3.922660000000000036e-01
-7.060788000000000064e-01
-2.157463000000000020e-01
2.549729000000000023e-01
2.353596000000000021e-01
7.845320000000000071e-02
1.372931000000000012e-01
2.353596000000000021e-01
1.569064000000000014e-01
1.961330000000000018e-02
-1.569064000000000014e-01
-2.745862000000000025e-01
-1.372931000000000012e-01
3.138128000000000029e-01
3.334261000000000030e-01
8.237586000000000075e-01
-1.961330000000000018e-01
-1.372931000000000012e-01
-3.922660000000000036e-02
-7.845320000000000071e-02
5.295590999999999493e-01
7.453054000000000068e-01
7.256921000000000621e-01
3.922660000000000036e-01
-9.806650000000000089e-02
-7.845320000000000071e-02
1.961330000000000018e-02
2.353596000000000021e-01
3.922660000000000036e-01
1.372931000000000012e-01
-1.569064000000000014e-01
1.961330000000000018e-02
0.000000000000000000e+00
-1.176798000000000011e-01
-1.372931000000000012e-01
-1.765197000000000016e-01
-1.961330000000000018e-01
-5.883990000000000054e-02
-1.372931000000000012e-01
-1.372931000000000012e-01
-3.922660000000000036e-02
1.569064000000000014e-01
2.745862000000000025e-01
1.569064000000000014e-01
-9.806650000000000089e-02
-9.806650000000000089e-02
-1.961330000000000018e-02
5.883990000000000054e-02
-1.765197000000000016e-01
-5.883990000000000054e-02
3.726527000000000034e-01
1.157184699999999955e+00
1.392544299999999957e+00
7.845320000000000071e-01
9.806650000000000089e-02
-9.806650000000000089e-02
-1.176798000000000011e-01
1.961330000000000018e-02
1.372931000000000012e-01
5.883990000000000054e-02
5.883990000000000054e-02
5.883990000000000054e-02
-1.961330000000000018e-02
-5.883990000000000054e-02
5.883990000000000054e-02
1.961330000000000018e-02
-7.845320000000000071e-02
-1.372931000000000012e-01
-7.845320000000000071e-02
0.000000000000000000e+00
0.000000000000000000e+00
7.845320000000000071e-02
2.745862000000000025e-01
4.511059000000000041e-01
1.372931000000000012e-01
-2.157463000000000020e-01
-1.765197000000000016e-01
9.806650000000000089e-02
1.176798000000000011e-01
1.569064000000000014e-01
1.176798000000000011e-01
1.372931000000000012e-01
-5.883990000000000054e-02
5.883990000000000054e-02
3.922660000000000036e-02
7.845320000000000071e-02
9.806650000000000089e-02
1.765197000000000016e-01
1.765197000000000016e-01
7.845320000000000071e-02
1.569064000000000014e-01
2.353596000000000021e-01
9.806650000000000089e-02
9.806650000000000089e-02
5.883990000000000054e-02
1.765197000000000016e-01
2.157463000000000020e-01
3.334261000000000030e-01
3.138128000000000029e-01
7.845320000000000071e-02
9.806650000000000089e-02
1.372931000000000012e-01
1.372931000000000012e-01
1.765197000000000016e-01
1.372931000000000012e-01
2.353596000000000021e-01
3.922660000000000036e-02
1.176798000000000011e-01
9.806650000000000089e-02
2.157463000000000020e-01
9.806650000000000089e-02
1.961330000000000018e-02
-9.806650000000000089e-02
-1.372931000000000012e-01
1.569064000000000014e-01
1.765197000000000016e-01
2.941995000000000027e-01
3.138128000000000029e-01
2.353596000000000021e-01
7.845320000000000071e-02
-2.157463000000000020e-01
1.176798000000000011e-01
5.883990000000000054e-02
3.922660000000000036e-02
1.961330000000000018e-01
2.157463000000000020e-01
4.903325000000000045e-01
2.157463000000000020e-01
2.941995000000000027e-01
4.903325000000000045e-01
4.903325000000000045e-01
0.000000000000000000e+00
-5.883990000000000054e-02
-9.806650000000000089e-02
-1.372931000000000012e-01
-5.883990000000000054e-02
-2.157463000000000020e-01
-1.961330000000000018e-01
-1.961330000000000018e-01
-1.372931000000000012e-01
-3.922660000000000036e-01
-3.138128000000000029e-01
-9.806650000000000089e-02
5.883990000000000054e-02
1.372931000000000012e-01
3.138128000000000029e-01
3.530394000000000032e-01
3.530394000000000032e-01
1.372931000000000012e-01
1.569064000000000014e-01
9.806650000000000089e-02
1.765197000000000016e-01
1.961330000000000018e-02
-9.806650000000000089e-02
3.922660000000000036e-02
5.883990000000000054e-02
1.961330000000000018e-01
2.941995000000000027e-01
2.941995000000000027e-01
3.138128000000000029e-01
2.353596000000000021e-01
2.353596000000000021e-01
9.806650000000000089e-02
1.961330000000000018e-02
1.176798000000000011e-01
3.530394000000000032e-01
3.334261000000000030e-01
3.334261000000000030e-01
2.745862000000000025e-01
3.138128000000000029e-01
1.765197000000000016e-01
-1.961330000000000018e-02
-3.922660000000000036e-02
3.922660000000000036e-02
2.941995000000000027e-01
3.726527000000000034e-01
3.726527000000000034e-01
2.941995000000000027e-01
2.157463000000000020e-01
1.961330000000000018e-01
1.569064000000000014e-01
3.922660000000000036e-02
1.176798000000000011e-01
3.138128000000000029e-01
3.530394000000000032e-01
3.334261000000000030e-01
1.765197000000000016e-01
2.157463000000000020e-01
3.334261000000000030e-01
1.765197000000000016e-01
5.883990000000000054e-02
1.372931000000000012e-01
1.372931000000000012e-01
2.157463000000000020e-01
2.353596000000000021e-01
3.334261000000000030e-01
3.334261000000000030e-01
1.569064000000000014e-01
1.372931000000000012e-01
1.765197000000000016e-01
2.745862000000000025e-01
9.806650000000000089e-02
3.922660000000000036e-02
1.569064000000000014e-01
1.569064000000000014e-01
2.549729000000000023e-01
1.372931000000000012e-01
1.569064000000000014e-01
2.157463000000000020e-01
1.372931000000000012e-01
9.806650000000000089e-02
1.176798000000000011e-01
1.961330000000000018e-01
1.372931000000000012e-01
2.549729000000000023e-01
1.569064000000000014e-01
3.922660000000000036e-02
3.922660000000000036e-02
2.549729000000000023e-01
2.353596000000000021e-01
7.845320000000000071e-02
2.157463000000000020e-01
1.961330000000000018e-01
1.961330000000000018e-02
1.961330000000000018e-02
1.176798000000000011e-01
1.765197000000000016e-01
7.845320000000000071e-02
1.176798000000000011e-01
1.961330000000000018e-01
2.353596000000000021e-01
1.961330000000000018e-01
7.845320000000000071e-02
-5.883990000000000054e-02
5.883990000000000054e-02
1.569064000000000014e-01
1.569064000000000014e-01
1.961330000000000018e-01
5.883990000000000054e-02
1.765197000000000016e-01
9.806650000000000089e-02
1.961330000000000018e-02
-1.961330000000000018e-02
1.569064000000000014e-01
2.941995000000000027e-01
2.941995000000000027e-01
1.372931000000000012e-01
1.961330000000000018e-02
1.961330000000000018e-01
9.806650000000000089e-02
-9.806650000000000089e-02
-5.883990000000000054e-02
2.353596000000000021e-01
3.530394000000000032e-01
1.765197000000000016e-01
9.806650000000000089e-02
1.765197000000000016e-01
2.353596000000000021e-01
1.569064000000000014e-01
9.806650000000000089e-02
1.372931000000000012e-01
2.353596000000000021e-01
2.941995000000000027e-01
2.157463000000000020e-01
2.549729000000000023e-01
1.372931000000000012e-01
1.176798000000000011e-01
1.961330000000000018e-01
2.353596000000000021e-01
1.569064000000000014e-01
2.157463000000000020e-01
2.353596000000000021e-01
1.569064000000000014e-01
1.765197000000000016e-01
1.765197000000000016e-01
9.806650000000000089e-02
1.961330000000000018e-02
5.883990000000000054e-02
1.961330000000000018e-01
1.569064000000000014e-01
0.000000000000000000e+00
2.353596000000000021e-01
2.157463000000000020e-01
3.922660000000000036e-02
3.922660000000000036e-02
2.353596000000000021e-01
2.549729000000000023e-01
1.372931000000000012e-01
0.000000000000000000e+00
2.353596000000000021e-01
7.845320000000000071e-02
0.000000000000000000e+00
9.806650000000000089e-02
1.961330000000000018e-01
2.157463000000000020e-01
1.372931000000000012e-01
1.372931000000000012e-01
2.157463000000000020e-01
9.806650000000000089e-02
2.745862000000000025e-01
1.961330000000000018e-01
2.549729000000000023e-01
1.176798000000000011e-01
7.845320000000000071e-02
1.569064000000000014e-01
1.176798000000000011e-01
1.569064000000000014e-01
2.353596000000000021e-01
1.372931000000000012e-01
2.157463000000000020e-01
2.941995000000000027e-01
1.765197000000000016e-01
1.961330000000000018e-02
-1.569064000000000014e-01
9.806650000000000089e-02
2.157463000000000020e-01
1.569064000000000014e-01
9.806650000000000089e-02
2.549729000000000023e-01
3.530394000000000032e-01
3.922660000000000036e-02
-1.176798000000000011e-01
1.569064000000000014e-01
4.314926000000000039e-01
1.765197000000000016e-01
-5.883990000000000054e-02
-1.961330000000000018e-02
3.922660000000000036e-01
2.745862000000000025e-01
7.845320000000000071e-02
7.845320000000000071e-02
9.806650000000000089e-02
1.961330000000000018e-02
-1.961330000000000018e-02
1.961330000000000018e-02
2.745862000000000025e-01
1.372931000000000012e-01
3.922660000000000036e-02
1.765197000000000016e-01
2.353596000000000021e-01
2.353596000000000021e-01
1.569064000000000014e-01
1.961330000000000018e-02
1.176798000000000011e-01
2.157463000000000020e-01
3.138128000000000029e-01
2.745862000000000025e-01
1.372931000000000012e-01
7.845320000000000071e-02
1.176798000000000011e-01
5.883990000000000054e-02
3.922660000000000036e-02
1.961330000000000018e-02
1.569064000000000014e-01
7.845320000000000071e-02
5.883990000000000054e-02
1.961330000000000018e-01
9.806650000000000089e-02
1.961330000000000018e-02
1.569064000000000014e-01
3.334261000000000030e-01
2.157463000000000020e-01
7.845320000000000071e-02
1.961330000000000018e-01
9.806650000000000089e-02
-3.922660000000000036e-02
1.961330000000000018e-02
1.765197000000000016e-01
2.941995000000000027e-01
1.569064000000000014e-01
-3.922660000000000036e-02
7.845320000000000071e-02
1.961330000000000018e-01
0.000000000000000000e+00
9.806650000000000089e-02
2.549729000000000023e-01
2.745862000000000025e-01
1.176798000000000011e-01
1.372931000000000012e-01
1.765197000000000016e-01
2.745862000000000025e-01
1.569064000000000014e-01
1.569064000000000014e-01
1.372931000000000012e-01
5.883990000000000054e-02
5.883990000000000054e-02
1.765197000000000016e-01
3.922660000000000036e-02
0.000000000000000000e+00
5.883990000000000054e-02
1.961330000000000018e-01
2.941995000000000027e-01
7.845320000000000071e-02
1.765197000000000016e-01
2.157463000000000020e-01
2.549729000000000023e-01
1.569064000000000014e-01
9.806650000000000089e-02
1.961330000000000018e-01
1.569064000000000014e-01
5.883990000000000054e-02
5.883990000000000054e-02
2.353596000000000021e-01
1.765197000000000016e-01
1.961330000000000018e-02
-1.961330000000000018e-02
1.569064000000000014e-01
1.372931000000000012e-01
1.961330000000000018e-01
2.157463000000000020e-01
2.353596000000000021e-01
1.961330000000000018e-01
1.765197000000000016e-01
5.883990000000000054e-02
1.765197000000000016e-01
7.845320000000000071e-02
5.883990000000000054e-02
1.372931000000000012e-01
2.549729000000000023e-01
2.353596000000000021e-01
1.372931000000000012e-01
9.806650000000000089e-02
1.176798000000000011e-01
1.765197000000000016e-01
7.845320000000000071e-02
2.353596000000000021e-01
2.353596000000000021e-01
1.569064000000000014e-01
1.569064000000000014e-01
1.765197000000000016e-01
9.806650000000000089e-02
1.765197000000000016e-01
1.372931000000000012e-01
1.765197000000000016e-01
7.845320000000000071e-02
2.157463000000000020e-01
1.372931000000000012e-01
1.569064000000000014e-01
7.845320000000000071e-02
2.941995000000000027e-01
2.157463000000000020e-01
1.961330000000000018e-01
1.569064000000000014e-01
7.845320000000000071e-02
7.845320000000000071e-02
1.372931000000000012e-01
7.845320000000000071e-02
1.569064000000000014e-01
2.157463000000000020e-01
2.157463000000000020e-01
5.883990000000000054e-02
1.372931000000000012e-01
1.569064000000000014e-01
7.845320000000000071e-02
1.961330000000000018e-02
1.176798000000000011e-01
1.765197000000000016e-01
3.138128000000000029e-01
2.941995000000000027e-01
9.806650000000000089e-02
0.000000000000000000e+00
5.883990000000000054e-02
2.157463000000000020e-01
2.353596000000000021e-01
1.765197000000000016e-01
5.883990000000000054e-02
2.157463000000000020e-01
1.372931000000000012e-01
3.922660000000000036e-02
5.883990000000000054e-02
1.961330000000000018e-01
2.745862000000000025e-01
1.961330000000000018e-01
9.806650000000000089e-02
7.845320000000000071e-02
9.806650000000000089e-02
1.765197000000000016e-01
1.961330000000000018e-02
2.353596000000000021e-01
1.372931000000000012e-01
1.372931000000000012e-01
1.372931000000000012e-01
1.372931000000000012e-01
1.765197000000000016e-01
1.176798000000000011e-01
1.372931000000000012e-01
2.549729000000000023e-01
2.353596000000000021e-01
5.883990000000000054e-02
-1.961330000000000018e-02
1.372931000000000012e-01
2.353596000000000021e-01
1.569064000000000014e-01
1.372931000000000012e-01
2.157463000000000020e-01
2.157463000000000020e-01
1.765197000000000016e-01
1.569064000000000014e-01
1.569064000000000014e-01
2.353596000000000021e-01
7.845320000000000071e-02
7.845320000000000071e-02
2.157463000000000020e-01
1.176798000000000011e-01
5.883990000000000054e-02
1.961330000000000018e-01
1.569064000000000014e-01
5.883990000000000054e-02
1.961330000000000018e-02
9.806650000000000089e-02
1.176798000000000011e-01
5.883990000000000054e-02
1.961330000000000018e-01
1.961330000000000018e-01
1.372931000000000012e-01
1.961330000000000018e-02
1.372931000000000012e-01
2.549729000000000023e-01
9.806650000000000089e-02
7.845320000000000071e-02
1.569064000000000014e-01
1.961330000000000018e-01
1.961330000000000018e-02
0.000000000000000000e+00
1.176798000000000011e-01
2.353596000000000021e-01
1.372931000000000012e-01
7.845320000000000071e-02
2.549729000000000023e-01
1.372931000000000012e-01
-1.961330000000000018e-02
5.883990000000000054e-02
2.745862000000000025e-01
2.157463000000000020e-01
7.845320000000000071e-02
7.845320000000000071e-02
2.941995000000000027e-01
2.549729000000000023e-01
7.845320000000000071e-02
1.765197000000000016e-01
1.765197000000000016e-01
1.765197000000000016e-01
-5.883990000000000054e-02
3.922660000000000036e-02
2.353596000000000021e-01
3.138128000000000029e-01
1.961330000000000018e-01
9.806650000000000089e-02
3.530394000000000032e-01
1.569064000000000014e-01
0.000000000000000000e+00
2.549729000000000023e-01
2.353596000000000021e-01
1.176798000000000011e-01
3.922660000000000036e-02
1.569064000000000014e-01
2.745862000000000025e-01
1.372931000000000012e-01
5.883990000000000054e-02
1.569064000000000014e-01
7.845320000000000071e-02
1.176798000000000011e-01
7.845320000000000071e-02
2.941995000000000027e-01
2.941995000000000027e-01
1.961330000000000018e-02
1.961330000000000018e-02
1.961330000000000018e-01
3.530394000000000032e-01
2.745862000000000025e-01
5.883990000000000054e-02
1.765197000000000016e-01
1.176798000000000011e-01
-1.961330000000000018e-02
3.922660000000000036e-02
2.353596000000000021e-01
2.157463000000000020e-01
1.961330000000000018e-01
2.353596000000000021e-01
2.353596000000000021e-01
9.806650000000000089e-02
1.176798000000000011e-01
9.806650000000000089e-02
2.941995000000000027e-01
1.176798000000000011e-01
1.569064000000000014e-01
5.883990000000000054e-02
1.372931000000000012e-01
9.806650000000000089e-02
1.961330000000000018e-01
2.157463000000000020e-01
9.806650000000000089e-02
1.765197000000000016e-01
1.569064000000000014e-01
2.549729000000000023e-01
9.806650000000000089e-02
3.922660000000000036e-02
9.806650000000000089e-02
2.353596000000000021e-01
2.549729000000000023e-01
1.176798000000000011e-01
1.961330000000000018e-02
1.372931000000000012e-01
2.157463000000000020e-01
1.961330000000000018e-02
1.765197000000000016e-01
1.176798000000000011e-01
7.845320000000000071e-02
1.569064000000000014e-01
3.138128000000000029e-01
1.961330000000000018e-01
0.000000000000000000e+00
-5.883990000000000054e-02
9.806650000000000089e-02
2.353596000000000021e-01
1.372931000000000012e-01
1.372931000000000012e-01
9.806650000000000089e-02
9.806650000000000089e-02
1.961330000000000018e-01
1.569064000000000014e-01
1.765197000000000016e-01
7.845320000000000071e-02
1.176798000000000011e-01
6.276256000000000057e-01
2.608568899999999857e+00
-1.176798000000000011e-01
3.922660000000000036e-01
2.941995000000000027e-01
-1.372931000000000012e-01
-7.845320000000000071e-02
-1.569064000000000014e-01
2.941995000000000027e-01
2.549729000000000023e-01
7.060788000000000064e-01
2.353596000000000021e-01
5.295590999999999493e-01
1.765197000000000016e-01
1.176798000000000011e-01
-5.883990000000000054e-02
5.883990000000000054e-02
0.000000000000000000e+00
3.334261000000000030e-01
-3.334261000000000030e-01
3.726527000000000034e-01
1.372931000000000012e-01
3.334261000000000030e-01
1.372931000000000012e-01
9.806650000000000089e-02
2.353596000000000021e-01
3.922660000000000036e-02
5.883990000000000054e-02
3.922660000000000036e-02
1.372931000000000012e-01
2.353596000000000021e-01
2.941995000000000027e-01
2.941995000000000027e-01
1.176798000000000011e-01
-1.961330000000000018e-02
-7.845320000000000071e-02
5.883990000000000054e-02
1.765197000000000016e-01
2.157463000000000020e-01
2.353596000000000021e-01
2.549729000000000023e-01
1.961330000000000018e-01
1.176798000000000011e-01
1.569064000000000014e-01
1.569064000000000014e-01
1.765197000000000016e-01
2.353596000000000021e-01
9.806650000000000089e-02
1.176798000000000011e-01
1.961330000000000018e-01
1.765197000000000016e-01
1.176798000000000011e-01
9.806650000000000089e-02
1.569064000000000014e-01
1.961330000000000018e-01
7.845320000000000071e-02
1.961330000000000018e-02
1.569064000000000014e-01
2.353596000000000021e-01
1.961330000000000018e-01
1.372931000000000012e-01
1.372931000000000012e-01
2.549729000000000023e-01
1.372931000000000012e-01
3.922660000000000036e-02
1.176798000000000011e-01
2.745862000000000025e-01
1.765197000000000016e-01
7.845320000000000071e-02
1.372931000000000012e-01
1.961330000000000018e-01
5.883990000000000054e-02
7.845320000000000071e-02
2.157463000000000020e-01
1.765197000000000016e-01
1.569064000000000014e-01
5.883990000000000054e-02
1.765197000000000016e-01
3.138128000000000029e-01
1.176798000000000011e-01
1.176798000000000011e-01
1.176798000000000011e-01
1.765197000000000016e-01
1.961330000000000018e-02
-3.922660000000000036e-02
1.961330000000000018e-01
2.157463000000000020e-01
1.765197000000000016e-01
1.372931000000000012e-01
2.157463000000000020e-01
2.353596000000000021e-01
7.845320000000000071e-02
5.883990000000000054e-02
1.176798000000000011e-01
9.806650000000000089e-02
1.765197000000000016e-01
1.372931000000000012e-01
1.372931000000000012e-01
1.176798000000000011e-01
2.745862000000000025e-01
4.314926000000000039e-01
4.707192000000000043e-01
5.687857000000000607e-01
5.687857000000000607e-01
5.099458000000000046e-01
2.745862000000000025e-01
7.845320000000000071e-02
9.806650000000000089e-02
-5.883990000000000054e-02
-3.922660000000000036e-02
0.000000000000000000e+00
2.157463000000000020e-01
4.707192000000000043e-01
3.726527000000000034e-01
1.176798000000000011e-01
1.372931000000000012e-01
1.176798000000000011e-01
3.922660000000000036e-02
-7.845320000000000071e-02
1.961330000000000018e-02
1.176798000000000011e-01
2.353596000000000021e-01
1.765197000000000016e-01
2.549729000000000023e-01
2.549729000000000023e-01
1.372931000000000012e-01
-1.961330000000000018e-02
3.922660000000000036e-02
9.806650000000000089e-02
3.922660000000000036e-02
1.372931000000000012e-01
9.806650000000000089e-02
1.176798000000000011e-01
2.353596000000000021e-01
1.176798000000000011e-01
1.961330000000000018e-02
-5.883990000000000054e-02
0.000000000000000000e+00
1.372931000000000012e-01
1.569064000000000014e-01
9.806650000000000089e-02
1.765197000000000016e-01
2.157463000000000020e-01
7.845320000000000071e-02
1.961330000000000018e-02
9.806650000000000089e-02
1.569064000000000014e-01
1.569064000000000014e-01
2.157463000000000020e-01
1.765197000000000016e-01
1.961330000000000018e-01
1.569064000000000014e-01
2.745862000000000025e-01
2.157463000000000020e-01
1.569064000000000014e-01
1.961330000000000018e-02
-7.845320000000000071e-02
-9.806650000000000089e-02
-7.845320000000000071e-02
1.176798000000000011e-01
2.353596000000000021e-01
2.157463000000000020e-01
1.372931000000000012e-01
1.569064000000000014e-01
1.569064000000000014e-01
1.569064000000000014e-01
7.845320000000000071e-02
5.883990000000000054e-02
1.372931000000000012e-01
1.176798000000000011e-01
7.845320000000000071e-02
2.157463000000000020e-01
1.961330000000000018e-01
2.157463000000000020e-01
1.372931000000000012e-01
1.372931000000000012e-01
1.765197000000000016e-01
-5.883990000000000054e-02
-1.961330000000000018e-02
-9.806650000000000089e-02
-7.845320000000000071e-02
1.569064000000000014e-01
9.806650000000000089e-02
1.961330000000000018e-01
7.845320000000000071e-02
1.961330000000000018e-01
1.765197000000000016e-01
1.961330000000000018e-02
-5.883990000000000054e-02
9.806650000000000089e-02
2.549729000000000023e-01
2.941995000000000027e-01
2.745862000000000025e-01
1.569064000000000014e-01
1.372931000000000012e-01
7.845320000000000071e-02
9.806650000000000089e-02
1.176798000000000011e-01
2.549729000000000023e-01
2.549729000000000023e-01
1.176798000000000011e-01
2.353596000000000021e-01
2.745862000000000025e-01
1.961330000000000018e-01
7.845320000000000071e-02
1.961330000000000018e-01
1.765197000000000016e-01
2.157463000000000020e-01
2.745862000000000025e-01
3.138128000000000029e-01
2.745862000000000025e-01
1.176798000000000011e-01
2.157463000000000020e-01
1.765197000000000016e-01
1.372931000000000012e-01
1.176798000000000011e-01
7.845320000000000071e-02
1.372931000000000012e-01
2.353596000000000021e-01
2.353596000000000021e-01
2.157463000000000020e-01
1.569064000000000014e-01
1.569064000000000014e-01
1.176798000000000011e-01
5.883990000000000054e-02
7.845320000000000071e-02
1.765197000000000016e-01
3.922660000000000036e-01
2.549729000000000023e-01
1.961330000000000018e-01
1.765197000000000016e-01
1.765197000000000016e-01
2.941995000000000027e-01
2.353596000000000021e-01
1.176798000000000011e-01
2.549729000000000023e-01
2.549729000000000023e-01
1.961330000000000018e-01
1.961330000000000018e-01
1.961330000000000018e-01
3.726527000000000034e-01
3.726527000000000034e-01
7.845320000000000071e-02
9.806650000000000089e-02
2.157463000000000020e-01
5.883990000000000054e-02
2.941995000000000027e-01
1.372931000000000012e-01
2.157463000000000020e-01
4.511059000000000041e-01
2.745862000000000025e-01
7.845320000000000071e-02
1.765197000000000016e-01
1.569064000000000014e-01
2.353596000000000021e-01
3.138128000000000029e-01
5.491724000000000050e-01
5.099458000000000046e-01
4.707192000000000043e-01
4.903325000000000045e-01
1.117958100000000066e+00
1.667130500000000071e+00
1.902490100000000073e+00
1.353317700000000068e+00
7.453054000000000068e-01
8.825985000000000635e-01
1.059118199999999899e+00
1.098344800000000010e+00
1.000278299999999954e+00
6.472389000000000614e-01
5.099458000000000046e-01
8.237586000000000075e-01
7.845320000000000071e-01
1.000278299999999954e+00
8.433718999999999522e-01
6.668522000000000061e-01
3.334261000000000030e-01
5.099458000000000046e-01
5.099458000000000046e-01
3.530394000000000032e-01
2.549729000000000023e-01
5.687857000000000607e-01
5.883990000000000054e-01
4.314926000000000039e-01
2.549729000000000023e-01
4.903325000000000045e-01
6.276256000000000057e-01
6.668522000000000061e-01
3.138128000000000029e-01
5.295590999999999493e-01
5.491724000000000050e-01
5.883990000000000054e-01
5.491724000000000050e-01
6.080122999999999500e-01
6.668522000000000061e-01
4.314926000000000039e-01
3.530394000000000032e-01
2.157463000000000020e-01
2.353596000000000021e-01
1.176798000000000011e-01
2.157463000000000020e-01
1.569064000000000014e-01
3.334261000000000030e-01
6.276256000000000057e-01
6.276256000000000057e-01
2.157463000000000020e-01
1.765197000000000016e-01
5.883990000000000054e-01
7.060788000000000064e-01
3.530394000000000032e-01
-7.845320000000000071e-02
-5.883990000000000054e-02
-3.138128000000000029e-01
1.569064000000000014e-01
3.530394000000000032e-01
4.118793000000000037e-01
4.118793000000000037e-01
3.530394000000000032e-01
1.765197000000000016e-01
3.138128000000000029e-01
4.118793000000000037e-01
4.511059000000000041e-01
3.138128000000000029e-01
2.157463000000000020e-01
1.765197000000000016e-01
2.745862000000000025e-01
2.941995000000000027e-01
1.372931000000000012e-01
7.845320000000000071e-02
5.491724000000000050e-01
5.295590999999999493e-01
5.099458000000000046e-01
4.314926000000000039e-01
1.765197000000000016e-01
-1.372931000000000012e-01
-1.372931000000000012e-01
-1.961330000000000018e-02
1.372931000000000012e-01
3.138128000000000029e-01
5.099458000000000046e-01
7.256921000000000621e-01
6.472389000000000614e-01
5.687857000000000607e-01
1.372931000000000012e-01
2.157463000000000020e-01
5.295590999999999493e-01
5.099458000000000046e-01
4.314926000000000039e-01
3.726527000000000034e-01
3.138128000000000029e-01
3.922660000000000036e-01
7.256921000000000621e-01
5.099458000000000046e-01
1.176798000000000011e-01
-7.845320000000000071e-02
1.961330000000000018e-02
2.549729000000000023e-01
2.941995000000000027e-01
6.276256000000000057e-01
7.060788000000000064e-01
5.687857000000000607e-01
3.530394000000000032e-01
2.941995000000000027e-01
1.961330000000000018e-01
5.883990000000000054e-01
5.883990000000000054e-01
4.511059000000000041e-01
5.099458000000000046e-01
5.883990000000000054e-01
4.511059000000000041e-01
4.118793000000000037e-01
1.765197000000000016e-01
-7.845320000000000071e-02
-9.806650000000000089e-02
5.883990000000000054e-02
3.530394000000000032e-01
5.491724000000000050e-01
5.491724000000000050e-01
7.060788000000000064e-01
5.687857000000000607e-01
5.491724000000000050e-01
7.453054000000000068e-01
4.118793000000000037e-01
3.530394000000000032e-01
1.765197000000000016e-01
1.176798000000000011e-01
3.530394000000000032e-01
7.649186999999999514e-01
7.256921000000000621e-01
4.118793000000000037e-01
3.530394000000000032e-01
3.726527000000000034e-01
3.334261000000000030e-01
3.922660000000000036e-01
2.549729000000000023e-01
2.745862000000000025e-01
3.726527000000000034e-01
5.295590999999999493e-01
6.080122999999999500e-01
3.726527000000000034e-01
2.745862000000000025e-01
3.726527000000000034e-01
5.295590999999999493e-01
6.864654999999999507e-01
7.060788000000000064e-01
4.903325000000000045e-01
3.726527000000000034e-01
5.883990000000000054e-02
1.765197000000000016e-01
1.372931000000000012e-01
1.961330000000000018e-01
1.176798000000000011e-01
9.806650000000000089e-02
3.138128000000000029e-01
5.883990000000000054e-01
6.080122999999999500e-01
3.334261000000000030e-01
1.569064000000000014e-01
1.961330000000000018e-01
4.511059000000000041e-01
4.903325000000000045e-01
2.941995000000000027e-01
2.745862000000000025e-01
2.941995000000000027e-01
3.334261000000000030e-01
2.941995000000000027e-01
2.353596000000000021e-01
1.569064000000000014e-01
3.922660000000000036e-01
6.276256000000000057e-01
5.883990000000000054e-01
5.491724000000000050e-01
4.903325000000000045e-01
5.687857000000000607e-01
4.707192000000000043e-01
3.530394000000000032e-01
5.883990000000000054e-01
5.491724000000000050e-01
5.491724000000000050e-01
4.118793000000000037e-01
3.726527000000000034e-01
3.334261000000000030e-01
7.845320000000000071e-01
7.060788000000000064e-01
6.864654999999999507e-01
6.472389000000000614e-01
5.295590999999999493e-01
6.276256000000000057e-01
6.276256000000000057e-01
4.511059000000000041e-01
2.745862000000000025e-01
2.941995000000000027e-01
4.903325000000000045e-01
6.864654999999999507e-01
7.845320000000000071e-01
7.060788000000000064e-01
6.472389000000000614e-01
7.649186999999999514e-01
8.041453000000000628e-01
7.453054000000000068e-01
7.453054000000000068e-01
6.080122999999999500e-01
7.256921000000000621e-01
7.060788000000000064e-01
9.218250999999999529e-01
1.137571400000000121e+00
1.549450699999999959e+00
1.686743799999999904e+00
1.353317700000000068e+00
1.000278299999999954e+00
5.687857000000000607e-01
4.511059000000000041e-01
4.314926000000000039e-01
5.295590999999999493e-01
5.295590999999999493e-01
6.276256000000000057e-01
4.314926000000000039e-01
4.118793000000000037e-01
4.314926000000000039e-01
3.138128000000000029e-01
3.530394000000000032e-01
4.118793000000000037e-01
6.668522000000000061e-01
7.256921000000000621e-01
8.629852000000000078e-01
7.453054000000000068e-01
6.864654999999999507e-01
4.707192000000000043e-01
3.530394000000000032e-01
2.745862000000000025e-01
5.883990000000000054e-01
6.080122999999999500e-01
5.687857000000000607e-01
5.883990000000000054e-01
6.864654999999999507e-01
7.649186999999999514e-01
4.314926000000000039e-01
3.334261000000000030e-01
3.726527000000000034e-01
5.099458000000000046e-01
5.491724000000000050e-01
4.707192000000000043e-01
5.099458000000000046e-01
7.649186999999999514e-01
8.629852000000000078e-01
6.080122999999999500e-01
5.099458000000000046e-01
4.314926000000000039e-01
5.099458000000000046e-01
3.922660000000000036e-01
5.099458000000000046e-01
5.883990000000000054e-01
4.511059000000000041e-01
4.903325000000000045e-01
6.668522000000000061e-01
6.668522000000000061e-01
4.707192000000000043e-01
5.687857000000000607e-01
6.276256000000000057e-01
6.276256000000000057e-01
4.511059000000000041e-01
4.314926000000000039e-01
7.060788000000000064e-01
7.256921000000000621e-01
6.276256000000000057e-01
2.941995000000000027e-01
2.549729000000000023e-01
1.961330000000000018e-01
2.745862000000000025e-01
3.530394000000000032e-01
3.530394000000000032e-01
6.864654999999999507e-01
8.629852000000000078e-01
6.472389000000000614e-01
6.080122999999999500e-01
8.825985000000000635e-01
7.649186999999999514e-01
4.511059000000000041e-01
3.334261000000000030e-01
3.530394000000000032e-01
6.080122999999999500e-01
6.276256000000000057e-01
6.472389000000000614e-01
6.668522000000000061e-01
6.864654999999999507e-01
6.864654999999999507e-01
5.295590999999999493e-01
6.472389000000000614e-01
7.060788000000000064e-01
5.883990000000000054e-01
5.295590999999999493e-01
4.707192000000000043e-01
4.707192000000000043e-01
6.276256000000000057e-01
6.472389000000000614e-01
6.864654999999999507e-01
5.883990000000000054e-01
6.276256000000000057e-01
5.295590999999999493e-01
4.314926000000000039e-01
4.118793000000000037e-01
6.472389000000000614e-01
4.903325000000000045e-01
5.295590999999999493e-01
7.060788000000000064e-01
1.000278299999999954e+00
9.218250999999999529e-01
6.472389000000000614e-01
3.726527000000000034e-01
3.138128000000000029e-01
4.118793000000000037e-01
6.472389000000000614e-01
5.883990000000000054e-01
4.314926000000000039e-01
3.334261000000000030e-01
3.334261000000000030e-01
4.903325000000000045e-01
6.668522000000000061e-01
7.845320000000000071e-01
7.256921000000000621e-01
5.687857000000000607e-01
5.491724000000000050e-01
5.883990000000000054e-01
4.707192000000000043e-01
6.472389000000000614e-01
7.060788000000000064e-01
8.041453000000000628e-01
5.687857000000000607e-01
3.922660000000000036e-01
6.276256000000000057e-01
5.687857000000000607e-01
5.883990000000000054e-01
5.099458000000000046e-01
4.707192000000000043e-01
6.276256000000000057e-01
7.453054000000000068e-01
7.845320000000000071e-01
6.472389000000000614e-01
4.118793000000000037e-01
3.726527000000000034e-01
4.118793000000000037e-01
5.295590999999999493e-01
3.922660000000000036e-01
3.726527000000000034e-01
4.314926000000000039e-01
4.314926000000000039e-01
3.922660000000000036e-01
3.922660000000000036e-01
4.314926000000000039e-01
7.649186999999999514e-01
1.000278299999999954e+00
6.080122999999999500e-01
4.707192000000000043e-01
4.707192000000000043e-01
3.530394000000000032e-01
3.334261000000000030e-01
5.883990000000000054e-01
5.295590999999999493e-01
5.491724000000000050e-01
7.060788000000000064e-01
5.295590999999999493e-01
3.334261000000000030e-01
7.060788000000000064e-01
8.825985000000000635e-01
6.080122999999999500e-01
5.491724000000000050e-01
5.295590999999999493e-01
4.903325000000000045e-01
6.668522000000000061e-01
6.668522000000000061e-01
5.295590999999999493e-01
6.276256000000000057e-01
9.218250999999999529e-01
8.237586000000000075e-01
5.491724000000000050e-01
3.334261000000000030e-01
2.353596000000000021e-01
3.726527000000000034e-01
5.883990000000000054e-01
5.687857000000000607e-01
4.707192000000000043e-01
3.138128000000000029e-01
7.060788000000000064e-01
9.610517000000000643e-01
5.687857000000000607e-01
3.726527000000000034e-01
4.511059000000000041e-01
8.825985000000000635e-01
8.629852000000000078e-01
4.903325000000000045e-01
3.922660000000000036e-01
5.687857000000000607e-01
8.629852000000000078e-01
8.629852000000000078e-01
6.080122999999999500e-01
4.707192000000000043e-01
2.549729000000000023e-01
2.353596000000000021e-01
5.687857000000000607e-01
5.687857000000000607e-01
2.549729000000000023e-01
2.353596000000000021e-01
3.726527000000000034e-01
4.511059000000000041e-01
5.687857000000000607e-01
6.864654999999999507e-01
6.080122999999999500e-01
4.903325000000000045e-01
4.314926000000000039e-01
6.276256000000000057e-01
9.022118000000000082e-01
6.864654999999999507e-01
4.511059000000000041e-01
2.549729000000000023e-01
4.314926000000000039e-01
5.295590999999999493e-01
5.883990000000000054e-01
4.118793000000000037e-01
4.707192000000000043e-01
6.080122999999999500e-01
8.237586000000000075e-01
7.256921000000000621e-01
6.276256000000000057e-01
6.864654999999999507e-01
5.687857000000000607e-01
5.687857000000000607e-01
5.883990000000000054e-01
4.118793000000000037e-01
3.334261000000000030e-01
2.745862000000000025e-01
6.276256000000000057e-01
7.649186999999999514e-01
4.707192000000000043e-01
3.922660000000000036e-01
5.883990000000000054e-01
6.080122999999999500e-01
4.707192000000000043e-01
1.765197000000000016e-01
3.334261000000000030e-01
7.060788000000000064e-01
8.041453000000000628e-01
5.687857000000000607e-01
6.080122999999999500e-01
5.883990000000000054e-01
7.060788000000000064e-01
6.472389000000000614e-01
6.080122999999999500e-01
4.903325000000000045e-01
3.530394000000000032e-01
3.530394000000000032e-01
4.314926000000000039e-01
7.649186999999999514e-01
9.610517000000000643e-01
7.649186999999999514e-01
5.491724000000000050e-01
5.295590999999999493e-01
6.668522000000000061e-01
7.845320000000000071e-01
7.256921000000000621e-01
6.472389000000000614e-01
4.314926000000000039e-01
4.707192000000000043e-01
6.080122999999999500e-01
9.022118000000000082e-01
9.218250999999999529e-01
7.453054000000000068e-01
6.864654999999999507e-01
6.080122999999999500e-01
6.668522000000000061e-01
6.864654999999999507e-01
6.080122999999999500e-01
5.295590999999999493e-01
5.491724000000000050e-01
5.883990000000000054e-01
6.864654999999999507e-01
6.864654999999999507e-01
4.903325000000000045e-01
4.118793000000000037e-01
7.649186999999999514e-01
8.433718999999999522e-01
6.472389000000000614e-01
5.883990000000000054e-01
6.276256000000000057e-01
5.491724000000000050e-01
5.295590999999999493e-01
6.472389000000000614e-01
8.041453000000000628e-01
8.041453000000000628e-01
5.295590999999999493e-01
6.080122999999999500e-01
7.649186999999999514e-01
9.414384000000000086e-01
5.687857000000000607e-01
4.314926000000000039e-01
5.099458000000000046e-01
7.453054000000000068e-01
6.668522000000000061e-01
5.295590999999999493e-01
4.314926000000000039e-01
6.080122999999999500e-01
5.295590999999999493e-01
4.314926000000000039e-01
6.472389000000000614e-01
9.218250999999999529e-01
1.000278299999999954e+00
8.825985000000000635e-01
7.256921000000000621e-01
3.138128000000000029e-01
1.569064000000000014e-01
3.334261000000000030e-01
4.707192000000000043e-01
4.314926000000000039e-01
4.511059000000000041e-01
5.099458000000000046e-01
6.864654999999999507e-01
6.276256000000000057e-01
5.491724000000000050e-01
4.511059000000000041e-01
5.883990000000000054e-01
8.629852000000000078e-01
1.039504900000000065e+00
5.099458000000000046e-01
5.099458000000000046e-01
3.726527000000000034e-01
3.922660000000000036e-01
5.687857000000000607e-01
6.276256000000000057e-01
6.668522000000000061e-01
6.472389000000000614e-01
5.687857000000000607e-01
5.687857000000000607e-01
5.883990000000000054e-01
7.453054000000000068e-01
7.649186999999999514e-01
7.060788000000000064e-01
4.707192000000000043e-01
4.314926000000000039e-01
5.883990000000000054e-01
5.883990000000000054e-01
5.687857000000000607e-01
5.883990000000000054e-01
6.472389000000000614e-01
6.080122999999999500e-01
5.883990000000000054e-01
6.864654999999999507e-01
7.256921000000000621e-01
5.295590999999999493e-01
4.903325000000000045e-01
5.491724000000000050e-01
6.080122999999999500e-01
6.080122999999999500e-01
6.668522000000000061e-01
6.276256000000000057e-01
6.864654999999999507e-01
6.668522000000000061e-01
6.864654999999999507e-01
6.864654999999999507e-01
4.511059000000000041e-01
4.707192000000000043e-01
6.080122999999999500e-01
7.256921000000000621e-01
4.903325000000000045e-01
5.099458000000000046e-01
4.903325000000000045e-01
6.668522000000000061e-01
7.060788000000000064e-01
5.883990000000000054e-01
7.845320000000000071e-01
4.903325000000000045e-01
5.491724000000000050e-01
6.276256000000000057e-01
6.472389000000000614e-01
6.276256000000000057e-01
5.491724000000000050e-01
7.060788000000000064e-01
7.649186999999999514e-01
4.707192000000000043e-01
5.099458000000000046e-01
5.687857000000000607e-01
5.883990000000000054e-01
7.060788000000000064e-01
6.864654999999999507e-01
6.668522000000000061e-01
6.472389000000000614e-01
7.060788000000000064e-01
7.060788000000000064e-01
5.883990000000000054e-01
5.491724000000000050e-01
5.491724000000000050e-01
7.256921000000000621e-01
8.237586000000000075e-01
7.060788000000000064e-01
5.883990000000000054e-01
6.080122999999999500e-01
4.707192000000000043e-01
5.295590999999999493e-01
6.472389000000000614e-01
6.668522000000000061e-01
5.883990000000000054e-01
5.491724000000000050e-01
6.276256000000000057e-01
5.687857000000000607e-01
5.491724000000000050e-01
5.687857000000000607e-01
5.883990000000000054e-01
7.060788000000000064e-01
5.491724000000000050e-01
6.276256000000000057e-01
7.060788000000000064e-01
7.256921000000000621e-01
6.080122999999999500e-01
5.883990000000000054e-01
5.491724000000000050e-01
5.883990000000000054e-01
6.668522000000000061e-01
5.883990000000000054e-01
5.883990000000000054e-01
5.883990000000000054e-01
7.060788000000000064e-01
6.276256000000000057e-01
5.099458000000000046e-01
5.687857000000000607e-01
5.883990000000000054e-01
5.491724000000000050e-01
6.276256000000000057e-01
5.099458000000000046e-01
6.864654999999999507e-01
3.530394000000000032e-01
6.668522000000000061e-01
1.294477800000000123e+00
6.864654999999999507e-01
1.019891600000000009e+00
1.431770900000000069e+00
-7.845320000000000071e-02
1.294477800000000123e+00
-5.883990000000000054e-02
3.726527000000000034e-01
4.314926000000000039e-01
3.334261000000000030e-01
8.237586000000000075e-01
9.022118000000000082e-01
7.256921000000000621e-01
1.216024599999999900e+00
8.433718999999999522e-01
6.472389000000000614e-01
5.099458000000000046e-01
7.649186999999999514e-01
9.022118000000000082e-01
-7.845320000000000071e-02
8.237586000000000075e-01
6.080122999999999500e-01
1.765197000000000016e-01
-7.649186999999999514e-01
5.099458000000000046e-01
7.256921000000000621e-01
9.806650000000000089e-01
5.687857000000000607e-01
3.530394000000000032e-01
6.864654999999999507e-01
4.118793000000000037e-01
5.491724000000000050e-01
6.276256000000000057e-01
6.276256000000000057e-01
6.668522000000000061e-01
5.491724000000000050e-01
8.237586000000000075e-01
9.022118000000000082e-01
8.237586000000000075e-01
6.080122999999999500e-01
8.041453000000000628e-01
8.629852000000000078e-01
7.256921000000000621e-01
5.687857000000000607e-01
6.276256000000000057e-01
7.256921000000000621e-01
6.668522000000000061e-01
7.845320000000000071e-01
4.903325000000000045e-01
3.726527000000000034e-01
9.806650000000000089e-01
8.237586000000000075e-01
5.883990000000000054e-01
6.668522000000000061e-01
8.629852000000000078e-01
9.610517000000000643e-01
9.218250999999999529e-01
7.256921000000000621e-01
5.491724000000000050e-01
7.649186999999999514e-01
3.922660000000000036e-01
3.726527000000000034e-01
3.922660000000000036e-01
6.668522000000000061e-01
7.256921000000000621e-01
7.845320000000000071e-01
8.237586000000000075e-01
8.041453000000000628e-01
7.256921000000000621e-01
5.099458000000000046e-01
4.314926000000000039e-01
9.610517000000000643e-01
1.000278299999999954e+00
9.218250999999999529e-01
5.099458000000000046e-01
5.295590999999999493e-01
9.610517000000000643e-01
1.059118199999999899e+00
9.218250999999999529e-01
3.138128000000000029e-01
3.530394000000000032e-01
3.530394000000000032e-01
4.511059000000000041e-01
5.099458000000000046e-01
6.276256000000000057e-01
8.825985000000000635e-01
9.610517000000000643e-01
9.022118000000000082e-01
9.806650000000000089e-01
6.080122999999999500e-01
9.610517000000000643e-01
1.000278299999999954e+00
8.629852000000000078e-01
9.414384000000000086e-01
7.649186999999999514e-01
7.845320000000000071e-01
7.256921000000000621e-01
7.060788000000000064e-01
6.864654999999999507e-01
8.629852000000000078e-01
1.019891600000000009e+00
8.041453000000000628e-01
7.060788000000000064e-01
6.472389000000000614e-01
6.668522000000000061e-01
5.687857000000000607e-01
5.687857000000000607e-01
7.453054000000000068e-01
9.610517000000000643e-01
9.414384000000000086e-01
8.041453000000000628e-01
1.000278299999999954e+00
9.414384000000000086e-01
5.099458000000000046e-01
2.549729000000000023e-01
3.334261000000000030e-01
9.414384000000000086e-01
1.019891600000000009e+00
7.649186999999999514e-01
3.922660000000000036e-01
5.883990000000000054e-01
1.039504900000000065e+00
7.845320000000000071e-01
7.060788000000000064e-01
5.883990000000000054e-01
7.256921000000000621e-01
8.433718999999999522e-01
8.629852000000000078e-01
8.825985000000000635e-01
8.433718999999999522e-01
7.649186999999999514e-01
7.453054000000000068e-01
6.080122999999999500e-01
7.453054000000000068e-01
7.845320000000000071e-01
7.649186999999999514e-01
6.864654999999999507e-01
4.903325000000000045e-01
5.295590999999999493e-01
5.295590999999999493e-01
7.256921000000000621e-01
8.041453000000000628e-01
7.453054000000000068e-01
1.000278299999999954e+00
7.845320000000000071e-01
1.019891600000000009e+00
7.060788000000000064e-01
5.295590999999999493e-01
6.472389000000000614e-01
9.610517000000000643e-01
9.806650000000000089e-01
6.668522000000000061e-01
4.511059000000000041e-01
3.922660000000000036e-01
5.687857000000000607e-01
7.453054000000000068e-01
7.845320000000000071e-01
9.414384000000000086e-01
6.472389000000000614e-01
6.080122999999999500e-01
7.845320000000000071e-01
8.825985000000000635e-01
8.041453000000000628e-01
7.845320000000000071e-01
8.825985000000000635e-01
7.649186999999999514e-01
7.845320000000000071e-01
7.256921000000000621e-01
4.707192000000000043e-01
5.295590999999999493e-01
6.668522000000000061e-01
7.060788000000000064e-01
5.099458000000000046e-01
5.883990000000000054e-01
8.629852000000000078e-01
9.022118000000000082e-01
1.019891600000000009e+00
8.433718999999999522e-01
7.256921000000000621e-01
6.276256000000000057e-01
7.453054000000000068e-01
6.668522000000000061e-01
6.864654999999999507e-01
5.687857000000000607e-01
6.472389000000000614e-01
6.668522000000000061e-01
7.060788000000000064e-01
7.453054000000000068e-01
6.864654999999999507e-01
6.668522000000000061e-01
7.060788000000000064e-01
5.883990000000000054e-01
4.314926000000000039e-01
5.687857000000000607e-01
5.295590999999999493e-01
6.080122999999999500e-01
5.491724000000000050e-01
5.295590999999999493e-01
6.668522000000000061e-01
8.041453000000000628e-01
7.453054000000000068e-01
8.237586000000000075e-01
5.883990000000000054e-01
6.864654999999999507e-01
8.041453000000000628e-01
8.629852000000000078e-01
8.433718999999999522e-01
8.237586000000000075e-01
8.041453000000000628e-01
7.060788000000000064e-01
8.433718999999999522e-01
8.825985000000000635e-01
8.433718999999999522e-01
7.845320000000000071e-01
8.237586000000000075e-01
6.276256000000000057e-01
6.864654999999999507e-01
9.022118000000000082e-01
8.237586000000000075e-01
4.511059000000000041e-01
3.530394000000000032e-01
7.649186999999999514e-01
9.806650000000000089e-01
9.414384000000000086e-01
6.864654999999999507e-01
5.883990000000000054e-01
7.060788000000000064e-01
8.041453000000000628e-01
6.668522000000000061e-01
6.080122999999999500e-01
7.453054000000000068e-01
7.845320000000000071e-01
6.080122999999999500e-01
5.491724000000000050e-01
6.668522000000000061e-01
5.491724000000000050e-01
5.295590999999999493e-01
6.472389000000000614e-01
6.864654999999999507e-01
7.060788000000000064e-01
7.256921000000000621e-01
7.256921000000000621e-01
5.687857000000000607e-01
4.707192000000000043e-01
5.883990000000000054e-01
9.414384000000000086e-01
6.864654999999999507e-01
4.511059000000000041e-01
6.864654999999999507e-01
5.491724000000000050e-01
6.864654999999999507e-01
6.276256000000000057e-01
