-1.141250000000000000e+02
-3.962500000000000000e+01
-6.375000000000000000e+00
1.550000000000000000e+01
2.062500000000000000e+01
7.662500000000000000e+01
1.117500000000000000e+02
1.522500000000000000e+02
3.637500000000000000e+01
-4.337500000000000000e+01
-5.375000000000000000e+01
1.340000000000000000e+02
2.358750000000000000e+02
2.976250000000000000e+02
3.160000000000000000e+02
2.738750000000000000e+02
2.640000000000000000e+02
2.425000000000000000e+02
2.991250000000000000e+02
3.560000000000000000e+02
2.863750000000000000e+02
2.282500000000000000e+02
1.991250000000000000e+02
1.735000000000000000e+02
1.628750000000000000e+02
1.758750000000000000e+02
2.192500000000000000e+02
2.570000000000000000e+02
3.188750000000000000e+02
3.043750000000000000e+02
2.337500000000000000e+02
1.966250000000000000e+02
1.517500000000000000e+02
6.425000000000000000e+01
6.062500000000000000e+01
4.550000000000000000e+01
-7.625000000000000000e+00
-1.025000000000000000e+02
-1.228750000000000000e+02
-1.362500000000000000e+02
-1.987500000000000000e+02
-2.221250000000000000e+02
-1.711250000000000000e+02
1.600000000000000000e+01
5.850000000000000000e+01
4.612500000000000000e+01
3.587500000000000000e+01
2.087500000000000000e+01
4.737500000000000000e+01
6.312500000000000000e+01
7.175000000000000000e+01
8.512500000000000000e+01
1.455000000000000000e+02
1.538750000000000000e+02
1.567500000000000000e+02
1.638750000000000000e+02
2.100000000000000000e+02
2.242500000000000000e+02
2.252500000000000000e+02
2.311250000000000000e+02
2.855000000000000000e+02
2.952500000000000000e+02
2.832500000000000000e+02
2.733750000000000000e+02
1.701250000000000000e+02
1.820000000000000000e+02
1.898750000000000000e+02
1.606250000000000000e+02
1.507500000000000000e+02
1.542500000000000000e+02
2.155000000000000000e+02
2.596250000000000000e+02
2.650000000000000000e+02
2.616250000000000000e+02
2.771250000000000000e+02
2.818750000000000000e+02
