2.331023361257974216e+02
-1.020871049232098215e+01
-6.509379248151334174e+00
1.342573915035545795e+00
-2.110204636885192286e+01
1.429252233438191766e+01
9.648737423324895701e-01
-2.678676053820235126e+01
3.010098011818744723e+01
4.555953340511516458e+00
-7.592520393565131087e+00
6.981379296475713758e+00
-2.762911050004989377e+01
4.915589412598681918e+01
-2.353192662965852833e-03
-3.145857506638089873e+01
1.293562904220441823e+01
1.437944785761770206e+00
4.518923539299279923e-02
4.127125193107167966e+00
-1.895168578748919330e+01
3.014411211624087983e+00
1.505041254632916647e+01
-8.294144992625360757e+00
6.443616722141408459e+00
-3.074028916790913968e+01
2.172532534731347198e+01
-9.631516806190472124e+00
7.433014385772771959e+00
2.086211720845837903e+01
-8.627217948769576594e+00
-3.365400044602058216e+00
-1.137188223187318492e+00
4.605680617551820788e+00
-2.460949104064253135e+01
2.810655103657912690e+01
-1.252525750812700878e+01
-1.380216353327545065e+01
1.813192232560977146e+01
-1.541728850878994805e+01
9.829754850089184259e+00
1.629601961473176530e+01
-3.043066493344030121e+01
3.462788400642124031e+01
-2.779171035390973188e+01
1.098801237611681358e+01
2.408164732306181222e+00
4.717097822748751668e+00
-5.008890559086536243e+00
-1.098738652074706934e+01
1.461038832570646306e+01
1.335197827606221566e+01
-1.969320936633676311e+01
-3.713162834923970479e+00
1.793326881264603756e+01
-1.697067084600382714e+01
5.139519646297772582e+00
1.511719676936818146e+01
-5.563492185395064737e-01
1.029677868187867062e+01
-3.319776434016269206e+01
9.786694019256753307e+00
1.938894517173603305e+01
-2.672347390088188135e+01
2.391441138462877092e+01
7.971524516746946176e+00
-1.161088680926415329e+01
-1.067914947830069039e+01
-1.632271291629373522e+01
1.341129267292854799e+01
1.176715577800156076e+01
-2.799442454813912207e+01
2.335875701843842123e+01
1.362690683804532199e+01
-6.791741062663072981e+00
3.912266002640597762e+00
2.384575203122841813e+01
3.843661745467223056e+00
-1.947630711822996830e+01
1.021790818441567694e+01
1.115108649446516331e+01
-5.838120585412621466e+00
2.972789138454682956e+01
-1.247430483500494347e+01
1.043795497100446568e+01
3.745937152742796172e+01
2.490001229443477015e+01
3.224101552516984270e+01
6.135165129493786651e+01
5.504650601702623192e+01
1.513844760141156520e+01
1.113540684814655748e+02
1.886404573358896357e+02
3.947759674971205186e+02
2.614957778315552446e+02
3.001114691736160012e+02
2.714136544479222266e+02
3.117688399292238728e+02
9.695324998830602681e+01
5.109731159986559135e+00
-2.855444959231645043e+02
-2.647673112748471453e+02
-1.898516707873359337e+02
-2.092200997256610862e+01
8.752944509514699689e+01
4.586411332193482053e+02
3.903682522437769080e+02
2.876586295834657676e+02
-1.430953376184385206e+02
1.543426928211160600e+02
9.097450774106354743e+01
6.268171251394787191e+01
9.840820804856926429e+01
4.228680063663138355e+01
3.485026989333793779e+01
-1.005002733519194322e+02
9.328000754726645027e+01
8.028841228695738153e+01
2.144812626766369590e+02
1.052415536293299994e+02
-2.334049789937782293e+02
-7.901917245571435444e+01
6.283845725249719294e+00
1.205887986703557146e+01
-5.377091340038955991e+01
1.169242015650708026e+02
1.207413722612107705e+02
1.863568995767932392e+02
1.497404656181622045e+02
-1.427881723342276246e+02
-1.597169521311436995e+02
-2.100641455297868276e+01
-1.899268729913137008e+02
-1.720283212723863926e+02
1.470660439654834306e+01
4.945492129941958126e+01
-1.186069764801420376e+02
-5.274513796527315890e+00
7.461264601432399957e+01
8.124890621616093256e+01
2.421330132939094426e+01
4.356512369016419939e+01
-9.145927477660308114e+01
-3.881119338684530931e+02
-8.749102630951418291e+01
-9.712501961217527935e+01
7.636754577953999501e+01
-5.535992408768201756e+01
-4.505965887633992395e+01
-1.117786672943092299e+02
-9.891971574537217293e+01
-4.178716228057241722e+01
-3.277171559334823314e+01
-9.024826466568327987e+01
4.899531019990583047e+00
5.327242666655435954e+01
3.972261264808233250e+02
1.929829304877426068e+02
3.494466836454731151e+01
1.614849648145620904e+02
2.943899370914236329e+02
1.082684980236823122e+02
-2.547746082620776065e+01
2.034357699185509816e+01
-8.909476248295192136e+01
-1.435896010237758560e+02
-1.318936288591856965e+02
-7.634476289298619633e+01
-8.072075292930065871e+00
2.450055519936277548e+01
1.523896220742775540e+02
1.837414939640734985e+02
5.064135164540350331e+01
-3.811844265306562107e+01
1.256675104033586763e+02
3.949260614941540126e+00
-2.443239145375146961e+02
1.552871616958404388e+02
-2.282222404692269038e+02
-1.226919146428510317e+02
-7.089845604375210542e+01
-1.951047854918005271e+02
-2.985421901419333324e+01
1.326314948233574285e+02
5.136926880674618587e+02
2.216691381683222062e+03
4.917365783500532416e+03
-8.670932711711790262e+02
5.289752897629251493e+03
4.777279142095776479e+02
1.681800050357231839e+02
9.926687778619857738e+00
-1.825371405771974054e+01
-3.667924872387800406e+00
-4.549802488877433859e+01
-5.042258067166090996e+01
-4.163159099887693060e+00
-5.221785898064303666e+01
-1.125193359281998369e+02
-1.618599944235546388e+02
-1.133864131810819345e+02
-1.903470557698041432e+01
-1.176650709174393228e+02
-1.094189660921048812e+02
-9.110986215228444962e+01
-2.968032568429832452e+01
-3.961122678783246442e+01
-5.370538015511396424e+00
-3.008013767172914044e+01
-5.071011473265556901e+00
-6.347920551926993227e+00
3.410500491063825024e+00
-1.278564902976794571e+01
-3.496084006075889761e+00
8.657254395283267456e+00
1.522774603746012190e+01
-3.201137618215189207e+01
1.240254343424859940e+01
-2.023875969128742014e+01
2.618105427068027780e+01
-1.207005554873577324e+01
1.683535755253430466e+00
1.707144063225367603e+01
-1.802918115372786900e+01
-8.817999971828811567e+00
9.521432714327229263e+00
-8.983613316795818093e+00
1.261050690341663127e+01
-1.352795344669708655e+01
-1.538081392166534300e+01
-4.833615502664656560e-01
2.164476133823691129e+01
2.027731308308388236e+01
-1.947557195225246929e+01
2.053219394837010725e+01
-2.256184079649926133e+01
7.026662584027160818e+00
-3.433195814468993490e+01
1.129818994207608895e+01
3.903354489955376749e+01
-2.352755181841226317e+01
-2.910360541898664266e+01
-4.524609577869131982e+00
7.077792277967976275e+00
7.442412445430562684e+00
-2.503605628454803878e+01
8.496046628915372878e+00
1.367554048023932722e+01
-9.368778353992738062e+00
-8.030122716378414793e+00
-1.778660329558330133e+01
2.058527192671410333e+01
1.663402535581555952e+01
-2.371577194581464099e+01
1.008467763486111934e+01
-1.721732276042252252e+01
1.080461276085443600e+01
-8.943287759272525506e+00
-1.523673499805284237e+01
2.788538862851083522e+01
1.119059630219547330e+01
-3.626395378796323143e+01
2.052031092738616280e+01
1.972626267229789931e+01
-1.958642886326387611e+00
-2.997291454768768304e+01
2.793799866254347464e+01
9.129397107035138959e+00
-6.005153370123579037e+01
3.575986323617723883e+01
6.280930305950839454e+00
-1.939971286802907002e+01
1.279888092080840778e+01
4.022210368745220421e-01
2.591205970420624283e+00
-9.499943378434458907e-01
-1.498553563242954212e+01
1.603188082710734008e+01
9.270945413416178837e+00
-4.096569944469803204e+01
3.687537287420386178e+01
1.158855278392628918e+00
-1.285640983125723835e+01
1.403593876888588454e+01
-2.653181652210658825e+00
7.136604269839619263e+00
-2.968708489082624169e+01
1.505415289584137994e+01
-1.396687191064556188e+01
7.296770362868002735e+00
-1.369494434490462709e+01
-2.827889014760172870e+01
4.758833457884824725e+01
-3.661607667181989711e+00
-1.868074344547509824e+01
2.158859870652612045e+01
-1.634008434326151971e+01
2.527214881334201380e+01
-3.272714437431438483e+01
2.166288590700716554e+01
-1.272775784278324096e+01
1.300855555446077716e+01
2.361590131366984480e+01
-5.962111131744819659e+00
-2.442588414262631957e+01
3.358090730764136111e+00
1.660835250939631180e+01
8.257635499826449177e+00
-2.319059015001030843e+00
-5.745723828814440992e+00
7.555130349668910839e+00
5.696587416874470478e+01
-1.316545614060952474e+01
-1.960880526321993500e+00
3.552258302539599555e+01
1.349345733722305241e+01
2.259971370005628799e+01
-4.446906714974954156e+00
-5.296881003711025215e+00
1.736778533111503720e+01
1.086006730283259358e+01
3.025265307956492222e+01
2.261067951110651109e+01
-2.383709568393868494e+00
3.963500015160315115e+01
-5.458690669888934366e+00
4.469871931954990885e+00
-7.595225610811233707e+00
1.059128621274988546e+01
-1.307569688030157096e+01
3.414185958358989836e+01
1.551291888709495481e+01
-3.122478815097071703e+00
7.121856012346530207e+00
7.959510337091192156e+00
1.314296601497008865e+01
-1.649818185502127221e+00
-3.254177500558554925e+01
1.548015377784506441e+01
1.183217235749076934e+01
-1.922525805844701097e+01
2.930718364076061278e+01
-1.141837182011556706e+00
5.121247651156856762e+00
-6.027615905101377791e+00
1.528196852960969210e+01
-2.736825397449198150e+01
1.151703316197405158e+01
2.424789880265009856e+00
-1.470937307188176391e+00
1.233088912537142079e+01
3.997505733356980784e+00
-2.462860370635329588e+01
1.160313014016796274e+01
-7.886767073625598812e+00
2.347495247871899338e+01
-2.659506594819688630e+01
-4.961488682101293790e+00
3.454070867856060545e+00
1.918993447182718626e+01
6.275912449305359075e+00
-4.931123227578444101e+01
-3.454249093484543209e+03
-8.083542040039043059e+03
-2.644365914278347645e+03
-2.295650765162368998e+02
-1.015898765118282228e+02
-3.671394413298083492e+01
-1.301518423532231772e+01
-3.857179048598646887e+01
-3.267066846390322610e+01
-5.827087488436673368e+01
4.357321579565160974e+00
-3.029014050108301603e+01
2.741231630231465033e+01
3.955745543111083506e+00
-1.844135847694271746e+01
-4.183659367943126028e+01
1.415662606733287276e+01
1.901056268584856923e+01
-1.487396299005098044e+01
-2.161167157193300170e+01
1.840221178134089541e+01
-1.231451552231538038e+01
1.147440281849928034e+01
-1.665793575405255922e+01
2.268359426523549871e+01
-2.868278791403677985e+01
2.900996879140564388e+01
-1.094972706235049920e+01
-4.985527232958594901e+00
-8.408086633536132837e+00
1.108145415901580755e+01
1.788249524928539458e+01
-1.439370080440558120e+01
5.790859952157028090e-01
1.755244503328459516e+01
-3.657973777023334350e+01
5.554706158318411191e+00
1.203596573302249340e+01
1.481821318582154490e+01
-2.628597688265332799e+00
-2.145459542359074767e+00
1.282540454317847889e+01
