4.818997873289982081e+00
4.215681901312554047e-01
2.351464937823018464e-01
7.909986082896920678e-02
1.541498413967230807e-01
1.799955096925577036e-01
1.822049806172495734e-01
4.827052611954267269e-01
4.815920547708466004e-01
8.324604102571113440e-02
1.213959004270459274e-01
1.230439675207807421e-01
9.552987583069075250e-02
1.093291279854392561e-01
1.590115846199026961e-01
2.243257024496180252e-01
1.794173641477150305e-01
2.236429480733601038e-01
1.361370962404021279e-01
1.837804424069324760e-01
1.083722181533568613e-01
1.627947920641530932e-01
1.537264829203392746e-01
1.209714226318362312e-01
3.619268445970791337e-01
1.564084948777647588e-01
2.667130509998290044e-01
7.144324313424155193e-02
1.081924039409533911e-01
7.378879708655636249e-02
3.213833770786643784e-01
1.080084642576066845e-01
3.127466963906156971e-01
9.540102550079591903e-02
1.962870534074274975e-01
1.117067156376111425e-01
1.557790997074512962e-01
1.087601491664827863e-01
1.341126486267096019e-01
2.711824796919838354e-01
1.654587795475975232e-01
3.733067379355576310e-01
6.741769890324861292e-02
2.133059702720387085e-01
7.503359334901930910e-02
1.361429123197956670e-01
1.450623949403790081e-01
9.226670663618116719e-02
3.098420146997995506e-01
3.068357259975624252e-01
1.831196989306148326e-01
2.944109833536161513e-01
2.563414931509916950e-01
2.282001196256255582e-01
6.463110945642848437e-02
1.719976725802416229e-01
1.825334612991792727e-01
1.767237436700242192e-01
1.611236387503289791e-01
2.321259454698002545e-01
8.008118449580392539e-02
1.342096116963791830e-01
1.307973614059131928e-01
2.619605052908414722e-01
1.114952805216064130e-01
2.005137539973171068e-01
1.129744572720427914e-01
2.570101817201702055e-01
2.947927043479926512e-01
8.149458501167998470e-02
3.644147923751729357e-01
1.836066272908233876e-01
2.904976388829127454e-01
1.641339811719483011e-01
2.359959728917854216e-01
2.845937021556277924e-01
3.349108956820161520e-01
2.347752227986268647e-01
3.647075846583990866e-01
1.957273890178757025e-01
1.266041424958966044e-01
2.094760908985465186e-01
2.796491204630726646e-01
1.079298552501264385e-01
2.494948977839844539e-01
1.652111751523509253e-01
1.656176195964045028e-01
1.463055478017132871e-01
2.021347190791205894e-01
3.077073473359553391e-01
8.103210329372941001e-02
1.646827353716061593e-01
9.709588858283560442e-02
2.067477012099205314e-01
1.343777754686850678e-01
2.109469848338782760e-01
1.867852632532993606e-01
1.282935042126854830e-01
9.746108971801474563e-02
1.544791370615098414e-01
1.710709250419402971e-01
1.064909025075357479e-01
2.171045685794715241e-01
8.585240189317533410e-02
2.446856220049668518e-01
1.911568906531122269e-01
2.570855807051981023e-01
1.813784810725870000e-01
2.042990380300541142e-01
2.455702770764223997e-01
1.840465127198151751e-01
1.749933061518800514e-01
2.765358542458056790e-01
1.268397299233851583e-01
2.664295463712544332e-01
1.859814019245220607e-01
2.036393777205786348e-01
2.851626916673097312e-01
1.659432770046088967e-01
1.821620274866802558e-01
3.589909107196929683e-01
1.364951418489413482e-01
1.736555631055444193e-01
1.718721396894587472e-01
1.674670865973133249e-01
1.087231998060591842e-01
7.169046880044337156e-02
1.992076831197118203e-01
1.104033888083442994e-01
1.897378295432468609e-01
2.381430875055685070e-01
1.960566211716587293e-01
1.625452183899434022e-01
2.171293856718318760e-01
2.646109282276268293e-01
1.749908864221453031e-01
3.127088165949589160e-01
2.974490718939493683e-01
1.725508283087533179e-01
3.007063450228828483e-01
2.628312610028963325e-01
1.244917625207596079e-01
1.430674947323659352e-01
1.427842664184007515e-01
1.078136171129650406e-01
6.663196631137041637e-02
1.386618496559203217e-01
7.132050975005371773e-02
2.075563073582587792e-01
1.900146822415819947e-01
1.764721049205124903e-01
2.521051395042757659e-01
1.251898568805475676e-01
1.271794508450973804e-01
1.962084839222558164e-01
2.107646338829539667e-01
1.387150668261050712e-01
2.368741590738346614e-01
2.518024111100259921e-01
9.600287870133446255e-02
3.055858189752531096e-01
2.199603982774664401e-01
2.203676935577089935e-01
1.571788409602330183e-01
2.878708435880182881e-01
2.022628242035879043e-01
1.919563828228021130e-01
1.687952214017886532e-01
1.712275590242969547e-01
1.952597127473632566e-01
2.497831573046423725e-01
1.032102329555463077e-01
1.593882555630041220e-01
1.471769187412543811e-01
7.054777093951956901e-02
8.298145249407433421e-02
5.350211268006117155e-02
1.295232756519050510e-01
1.714954059691788102e-01
8.022471643764683691e-02
6.013203958277290456e-02
1.775277188699903863e-01
9.089261275546105245e-02
1.003225500461545905e-01
8.530314133210352423e-02
1.257371982217177775e-01
8.868937459601740347e-02
8.845770956791712547e-02
1.273854723227775820e-01
8.477621658974418550e-02
1.196832913114506680e-01
1.493738052225263568e-01
1.628127439831681122e-01
8.051676274883133588e-02
1.208995177360963347e-01
3.320220227903132593e-02
5.148930973261540978e-02
6.567738713982558540e-02
1.005938050474886464e-01
9.654588806581780591e-02
8.804921587887694356e-02
9.897020228456260282e-02
9.545692104351739815e-02
8.988284355300898976e-02
7.744848165203116475e-02
1.040000936517588015e-01
7.738780000960908401e-02
5.537500066688629680e-02
6.080819467303987674e-02
1.064933107690258646e-01
1.214809624092935969e-01
9.315661526961738215e-02
1.357641230617041284e-01
4.857693471321721662e-02
5.424176744229235181e-02
3.142048028031862311e-02
6.409923090188916761e-02
8.108887198946020114e-02
8.766630046186800473e-02
1.043589757445149424e-01
1.395315025209928617e-01
2.273003079318233199e-01
1.627463440763038116e-01
1.683284894062294090e-01
1.977779151250384782e-01
1.525671989637354398e-01
1.605466689576132422e-01
6.371416528147154368e-02
8.006649861039152882e-02
1.221020063393732924e-01
7.758887671932508667e-02
6.947340282252219279e-02
6.611175220107640138e-02
8.861375270423080264e-02
1.920622243308179322e-01
5.964209833877102962e-02
9.525495902119783531e-02
4.083148318098508978e-02
7.573661785201778185e-02
7.975302395315705950e-02
2.256070391945150244e-02
1.174633020807810818e-01
5.955862273877084861e-02
8.716514423287731461e-02
1.115148262267109530e-01
1.540212210202056842e-01
8.471017501792524329e-02
1.143403038235843855e-01
1.184877736035419987e-01
1.034295502768694530e-01
1.404855473684485379e-01
1.045908594441774947e-01
9.015022967471723880e-02
9.651260259793220664e-02
3.931878370350032348e-02
6.187838187504279830e-02
5.325578825810481365e-02
5.599074705800593382e-02
6.603391153772741884e-02
3.850636190568017259e-02
6.994749700640212620e-02
3.324676288160319237e-02
5.583214388830015640e-02
8.347417893164402192e-02
5.301127080140308201e-02
6.228539408518258408e-02
5.138218168109754541e-02
4.868829043451185917e-02
8.748318333736841701e-02
6.676043757805541490e-02
9.786255193645149175e-02
5.431557482982001667e-02
6.292567962553327621e-02
4.326199734335958724e-02
2.349169787771413290e-02
5.306037595317674577e-02
6.351917176182347857e-02
1.181479886073091151e-01
5.037416448517833406e-02
3.452489795861769101e-02
8.594742664389252995e-02
3.688786520553215265e-02
7.708590098362497200e-02
6.187353886292690924e-02
6.536707824589579885e-02
5.888607125310191953e-02
6.767986014651522497e-02
6.470584537069867803e-02
2.555678800261319480e-02
5.576533837310634900e-02
4.519500901694493977e-02
8.544152257348840152e-02
5.228096793790475150e-02
5.367756352107379281e-02
2.738534493607291606e-02
7.972700115073723393e-02
4.082715394502085121e-02
5.044624096577923072e-02
4.563546108710139076e-02
2.041334586770314763e-01
1.440600603977149896e-01
6.608794950893100151e-02
9.644569690660702299e-02
1.892255326950390837e-01
1.522358968764265796e-01
1.984222760085868065e-01
7.062477861586102801e-02
1.923346973331944709e-01
1.375235547681349646e-01
1.420472628525873415e-01
3.922204096823383307e-02
1.737820003957259718e-01
8.859374632780898928e-02
8.632816704285553588e-02
1.524396042911648486e-01
3.543916193522347186e-02
9.948325952158819374e-02
1.008737096462989230e-01
1.162663349860186962e-01
1.291964528885737873e-01
6.722935179473435441e-02
6.972485544294644566e-02
6.000014761414795145e-02
9.423540822626058633e-02
1.073266165698933683e-01
2.025087776097030112e-01
5.212925635360395743e-02
1.465605661512583147e-01
1.099722470925963702e-01
3.622170557231588900e-02
6.483635606362754544e-02
2.877702852751739745e-02
8.349673218491701632e-02
6.324624652080128306e-02
7.653615570187816131e-02
1.605469083502404914e-01
1.876877472744635511e-02
1.398875560069307855e-01
3.831690305673675079e-01
4.556620939814175486e-01
5.673872417289187869e-02
2.986872697668950805e-01
4.436804806016417801e-01
1.817292606085165463e-01
5.664701941976207217e-02
2.606737676412256843e-01
2.220326261076490115e-01
1.080115922086736652e-01
2.985835277506195262e-01
3.132997780804922666e-02
8.310171303624916406e-02
1.479878589499874497e-01
1.276561020616163167e-01
1.955553592447911437e-01
1.129061849112532462e-01
1.030090352272710202e-01
8.925477509120763320e-02
1.141352632606401490e-01
1.178066078662974997e-01
1.506059918123422714e-01
1.198497949683765135e-01
9.114056471765882850e-02
1.220280611762938894e-01
1.365874713119825667e-01
1.014659384384995339e-01
6.360540665192390697e-02
2.003546538412104283e-01
2.438532437847376055e-01
1.633139111168274427e-01
6.767155546958893153e-02
2.225928805583444470e-01
1.196502417962480858e-01
5.027656044658044415e-02
1.318170047082841134e-01
2.183443875511750509e-01
1.519374838959174079e-01
2.313921865650131193e-01
1.420013283801834225e-01
2.604125158228794978e-01
2.152256100265295125e-01
8.475638402930077420e-02
7.844182464351871775e-02
1.106254471348784574e-01
4.821579129395708874e-02
5.753236881637956851e-02
6.504669294662349111e-02
1.760503104043342482e-01
9.861306230195863998e-02
9.744484605467708394e-02
2.152951014304692323e-01
4.360687364858743809e-02
5.752452853277474354e-01
6.944057515578383466e-01
1.495264166979461962e-01
4.038122039645913874e-02
3.468316306003179084e-01
3.695267015320532478e-01
1.313429078171894082e-01
5.974450515867762990e-02
3.104534562978800150e-01
2.662596682253489666e-01
5.999156834876006456e-02
5.476081542684379383e-02
1.590626523769059497e-01
8.012134549502965275e-02
2.154676069264222504e-01
1.331707680301582597e-01
9.462400246530941472e-02
4.226294466765419949e-02
6.477537732478459709e-02
6.656580316162626076e-02
5.217543494280577759e-02
2.191805183390123021e-02
9.578938431725311786e-02
9.627918814935647329e-02
5.266789344196390332e-02
6.030284890157365518e-02
1.275282716192334409e-01
5.599461604613093640e-02
8.038977530134641669e-02
1.504534630281511576e-01
5.127470296362857810e-02
5.632351421210102238e-02
9.952017811740977715e-02
1.298323298635903067e-01
1.022885889015621302e-01
3.257692178755030032e-01
4.521826328125988503e-01
2.100819434993884127e-01
3.137232062454340387e-01
3.970243024968442280e-01
1.973631978727234670e-01
1.443009927042527007e-01
9.508280339509665724e-02
1.015149990142416719e-01
1.142909856050087908e-01
5.828367105278184357e-02
2.599622444603786817e-02
3.797113089806988112e-02
8.200374885197324326e-02
8.256635935883407940e-02
4.998628585635644245e-02
6.731611638657000740e-02
3.413351087962947228e-02
8.761403217998973980e-02
6.648133371656868296e-02
1.162547829006913835e-01
2.686662627838043438e-01
9.581908835879722475e-02
2.057957177523418724e-01
1.891374073788002486e-01
1.747936852132679353e-01
8.874068941488491569e-02
1.247360228145148742e-01
4.646329488158817966e-02
1.064056952068125061e-01
2.712090709471198097e-02
7.488519544913370407e-02
1.168133304509372805e-01
9.325808256824755227e-02
6.168346212225557512e-02
2.357752971208568887e-02
4.512742977944324274e-02
4.022878036348835618e-02
2.607119585746840371e-02
7.062809352667831497e-02
8.305711534419361886e-02
5.544181311804286666e-02
7.111044270420213698e-02
7.556057367614066322e-02
1.447655083397082765e-01
5.582859295850085835e-02
6.501712304541151788e-02
9.665226602394434707e-02
3.746155495878818187e-02
1.130303688356785186e-01
9.840547271886643244e-02
4.670893206170182582e-02
2.091797028355942348e-02
9.085991636227330748e-02
1.153662028160658409e-01
6.827452466763257732e-02
1.475506845862459282e-01
8.109592319769425017e-02
3.531710376541465080e-02
7.191620272563362115e-02
6.290212397299783931e-02
7.076340168433623012e-02
7.806796736228917288e-02
1.948785226645695715e-02
1.550477320179096119e-01
7.239291476255364788e-02
5.687046323331265696e-02
1.342428308445654528e-01
4.629325304516298395e-02
1.835765133342980859e-01
1.335672868026898108e-01
1.662100377396827366e-01
1.260545266321545510e-01
3.682733040146890513e-02
1.099380409308598761e-01
7.688102036828035890e-02
1.903112541214619091e-01
1.570519547009066874e-01
2.231634976612346388e-01
1.793538203943704223e-01
4.522655193057752848e-02
2.314563409292625940e-01
7.521666633110667133e-02
1.174297294503749006e-01
5.925987736138729062e-02
4.070962172689655822e-02
7.574298985705216203e-02
9.618332869969206667e-02
9.313833359115894495e-02
4.479034927672435190e-02
1.459328943098736064e-01
1.226390182844368654e-01
1.009531059193826408e-01
7.409104739669644668e-02
1.046037846138925115e-01
8.165703545863488289e-02
6.597797196910129558e-02
2.319644756302770630e-02
1.131561365560762311e-01
6.280388670319200783e-02
1.002176634999225879e-01
7.086510186381393683e-02
7.865154922489975275e-02
5.042654525573986996e-02
6.754939467806929387e-02
5.083771138949338964e-02
6.583344722673173388e-02
4.800159355831961489e-02
2.729745276731273748e-02
3.960359603827871833e-02
4.161298452545681564e-02
5.632400029751779419e-02
1.241855332567633613e-01
4.995428263753926013e-02
9.570127735436084748e-02
1.364096956481610223e-01
2.563192865058605899e-02
7.024836816312164667e-02
2.833384791202994343e-02
3.538082339302267565e-02
7.530448971675110514e-02
8.594077960005618022e-02
3.180241698956378510e-02
3.784445960063549663e-02
1.152304801117331190e-01
4.228225958162089293e-02
3.503665693596270253e-02
6.268407880636722718e-02
5.964369593850060713e-02
5.637467015165661260e-02
4.306683635674398575e-02
6.542908954553386391e-02
4.420510004795170228e-02
1.082531884139756873e-01
3.665782779648449341e-02
4.031629853332869412e-02
7.449836097377091071e-02
3.510041469846152812e-02
7.477001397933091820e-02
9.438557333109776071e-02
9.257546715654411951e-02
6.916443965175626818e-02
2.861790924217900642e-02
7.661009131474862122e-02
3.819638427217671162e-02
4.538240117503387905e-02
2.059970792495225550e-02
8.321585187798975769e-02
7.701746066712375494e-02
9.717048128666282147e-02
7.521120813694286145e-02
8.876915102212575015e-02
3.663741618432004438e-02
7.394081599725273179e-02
5.940800336139482468e-02
9.852706724820299578e-02
7.194051280594718212e-02
4.747569644528613214e-02
4.786070620842231699e-02
4.262091528292200060e-02
5.612939987515141310e-02
4.600841160238771516e-02
8.649257502984461499e-02
8.292578350660320674e-02
8.452851410153354450e-02
7.032868556052838949e-02
5.305448004778933607e-02
3.409801962141068704e-02
1.002608743200096852e-01
2.599624597196373635e-02
8.919477547846915710e-02
1.111885373291447432e-01
3.678427738464912916e-02
1.028625810435810223e-01
6.419243653777567671e-02
1.140681408701550575e-01
7.710325549311021487e-02
5.661416180090712846e-02
5.192401146109933835e-02
9.011552282200128994e-02
9.572314551726911203e-02
4.049599082784486465e-02
9.029163397286119053e-02
1.193037484291274847e-01
6.562272827909756967e-02
4.913548796441447736e-02
1.085133043321688390e-01
2.946207928464275594e-02
9.981895499725568222e-02
1.337628847510938246e-01
4.588340935067429516e-02
1.004624024718546588e-01
3.750296929570020449e-02
1.140297418732824503e-01
6.248642235269360329e-02
1.970013400981545162e-02
7.899537970783367113e-02
4.861629921094333395e-02
9.800386272934694110e-02
7.833103035992794450e-02
9.081934801837265869e-02
2.817403683765307490e-02
1.411961456131663739e-01
5.856309279918885113e-02
9.422280987215829462e-02
7.946499966717494867e-02
5.626295441158023908e-02
7.979272033673839859e-02
8.187997344512411291e-02
5.664277429612155079e-02
7.079851869166492451e-02
8.373265562131494699e-02
3.485013242256016636e-02
6.049737585906618531e-02
2.565595701997766889e-02
7.314614946550562768e-02
4.796416594324331983e-02
6.692841047865565052e-02
7.053876591211431790e-02
4.785686664962744696e-02
4.261810521775816207e-02
2.756213376737984971e-02
4.864737787771681449e-02
2.532833942958806830e-02
1.847124961565015447e-02
9.394902523289358487e-02
5.454886503638322476e-02
5.169213437279839701e-02
6.407884832667069819e-02
7.882958576154576458e-02
7.242275974900343194e-02
1.221681709636788932e-01
4.350335026051128234e-02
8.692335347167297332e-02
5.383470454067836725e-02
9.611557387291316812e-02
2.913739878070022507e-02
9.645910585720340880e-02
6.276191214948526054e-02
1.277558545620008090e-01
8.203314271501732646e-02
6.973889053721153697e-02
7.341986063776710647e-02
7.118014231702872452e-02
3.068960934695975223e-02
8.154911412160702200e-02
4.276424894491637901e-02
1.091559909276402507e-01
1.116745987667935175e-01
1.038900707704391857e-01
7.947419105815185791e-02
3.364136744865802581e-02
1.061883916453872784e-01
1.514177503451141216e-01
9.908665927524824835e-02
9.188659816674492331e-02
1.092779026599807746e-01
1.139437323272042141e-01
8.637104850472655804e-02
4.051274602784258466e-02
6.309882005976119590e-02
7.961571762637759120e-02
1.393345514363655835e-01
8.026549754756093225e-02
1.266931235100279829e-01
5.403851107645395169e-02
8.222471624569195614e-02
4.594279158298532340e-02
9.094729198468756715e-02
5.121103859053709878e-02
1.599812769106051802e-01
1.027674696515234187e-01
1.404485333030065231e-01
1.697810502570369362e-01
1.511492792203056046e-01
1.064941733919719108e-01
6.242152131207665683e-02
2.013850848621193401e-01
1.065189441924530855e-01
1.038819109288129650e-01
7.735007783740178999e-02
3.679008729332825661e-02
6.065623736164162810e-02
6.483215399118982813e-02
5.034751955546716562e-02
1.197291057218657917e-01
1.186395289292177108e-01
5.198529122619721665e-02
8.517255942586536566e-02
9.727511909385093414e-02
8.020559420765693837e-02
3.630119640111990204e-02
1.015341772405802256e-01
1.102643038569053047e-01
7.126591661063236272e-02
5.663987479409041820e-02
3.759547978737742824e-02
6.462784905350005271e-02
6.278857858387923430e-02
2.884516886372196637e-02
4.791821116763912702e-02
6.659721052555760135e-02
6.451065133255305672e-02
7.149055437161383475e-02
4.400845118053417493e-02
2.652151091345292949e-02
6.740610503251544261e-02
7.111744848062935553e-02
5.382397645219717808e-02
6.586487804662746748e-02
9.025475982114257445e-02
8.992891683151693627e-02
6.298476690541005008e-02
6.466915753587496041e-02
7.906211314085376252e-02
6.280607409018770793e-02
3.640727632841088413e-02
7.973139613759511191e-02
5.085830650702283934e-02
6.808191792340641257e-02
8.948763605534630627e-02
6.818900513344187952e-02
5.406833838842121931e-02
1.083709759661757172e-01
6.394109972128833586e-02
1.138432259023769433e-01
5.228227690767622143e-02
8.335579640543923363e-02
3.502406784725713845e-02
4.571225161044665392e-02
5.008859548299327002e-02
6.568024192300005171e-02
3.855185082977417854e-02
5.622365569007562597e-02
4.613121377438387377e-02
4.065723529800697317e-02
6.151560093537006280e-02
6.986342618944638150e-02
4.063213012390462509e-02
3.868074366372766665e-02
7.279161577844064923e-02
4.194525732173454147e-02
1.142589355766387010e-01
5.839875089268577180e-02
5.688637677728959618e-02
4.010209483525556395e-02
5.366009805031657365e-02
5.020306188744563802e-02
5.998162905440866666e-02
8.887548518863315483e-02
6.602326115430072473e-02
8.103131396932931885e-02
1.009823569245287128e-01
1.013275304563333312e-01
7.737744783798473913e-02
1.865318619903146360e-02
8.684572715138265397e-02
1.566495712142458238e-02
2.974722244534294679e-02
5.534415825201439987e-02
3.029528089757736395e-02
3.240005440587655910e-02
7.465704951677812340e-02
6.370661942592611982e-02
1.101634133774088836e-01
7.482136042445518276e-02
3.639999196814480698e-02
3.805965647195053148e-02
6.299412678237693852e-02
7.443030431806584024e-02
1.006083821052894539e-01
4.173212001497143830e-02
6.059873049630587483e-02
4.171943973296378394e-02
7.743132010442300983e-02
9.509122815350043445e-02
4.173130185676047349e-02
7.754661271672376455e-02
5.952487824171927983e-02
6.226581273733134553e-02
8.939882085079269014e-02
6.714137216963436683e-02
4.566044790122374131e-02
6.026024700192279121e-02
1.121310823549268310e-01
8.096045434920309813e-02
5.396939448167267089e-02
1.880181231095735123e-02
5.413917656159956959e-02
1.061567394743877096e-01
5.839835741140000230e-02
1.214758631761411051e-02
3.377712627380703714e-02
4.453105905444787460e-02
3.100310644383087733e-02
3.347600276612112263e-02
4.061212448383715035e-02
4.340089677782414668e-02
4.475800143933544861e-02
3.042179060064158225e-02
8.169082412575030816e-02
8.291516310704159787e-02
6.330252977118774882e-02
4.491409170705808890e-02
4.718117773501214612e-02
6.808734490251545923e-02
4.471713214930066876e-02
8.259552707366753233e-02
7.442673289486093080e-02
1.255397668504406594e-01
6.043669837986219429e-02
7.525484609604647657e-02
8.623860599553695439e-02
5.437389984206028593e-02
7.033784522938196782e-02
7.034631931984741682e-02
7.713701571849591876e-02
6.949620599425726519e-02
5.557644693957892318e-02
4.587852473093658595e-02
6.818179029617342513e-02
3.752450582500653498e-02
4.713502296656162105e-02
4.763481023742145021e-02
5.370411855146819957e-02
3.271093435988355058e-02
4.091800332401535067e-02
7.978675705834369081e-02
1.208265422311562420e-01
6.213876485071315875e-02
3.911356052307628228e-02
3.577776362772360635e-02
4.726277664091882436e-02
5.699614625613134283e-02
5.702232391060483435e-02
3.827769696378258840e-02
9.942685572557927176e-02
6.511040820027193254e-02
8.187878138075332934e-02
4.218774564299727220e-02
9.107246955673538313e-02
4.277400773780840049e-02
5.116901467739957965e-02
2.142481373704211225e-02
4.567149436272683466e-02
3.594424559577557177e-03
2.535292854829373707e-02
5.749503413423391607e-02
1.240365076684694506e-01
5.263627115277192542e-02
7.580885676126779271e-02
3.725482612110951608e-02
7.957837012153226586e-02
5.173314418497345496e-02
3.000661063600528963e-02
7.731227468298688954e-02
7.184444113630189532e-02
6.694256273687036740e-02
2.311275006305348045e-02
3.807930876140942777e-02
6.458166464796583073e-02
6.387483461622851799e-02
7.291169291121236962e-02
4.676136507952773774e-02
2.744388107437475965e-02
5.376053295543448823e-02
8.727553328981831060e-02
8.177841006922666189e-02
8.888573257412452078e-02
2.098277969010509114e-02
9.754801228021872661e-02
5.532318586606646549e-02
8.905774412083136693e-02
6.078090011499172329e-02
7.045131263905228536e-02
5.312869611602385328e-02
5.015926962299150499e-02
3.052928810311463306e-02
1.066517699307095862e-01
6.142009203425357472e-02
6.977553647755982413e-02
5.030138292296208041e-02
9.783113005824045638e-02
3.469905517085505875e-02
8.321494990596157992e-02
3.627588913747242100e-02
1.036502289772011781e-01
4.035582212916054984e-02
8.347428463065277582e-02
5.784764807916209506e-02
7.863939140444282938e-02
2.321358525976577325e-02
1.148866971655268243e-01
8.300538384911516909e-02
1.059293022364372200e-01
4.458516119147901136e-02
1.111100971940695153e-01
6.273574144603963343e-02
1.266082182233401743e-01
1.084993050272582971e-01
9.363177999948887886e-02
1.322107578843993714e-01
9.762775065405737696e-02
5.577330002852007307e-02
3.739812366704451524e-02
7.046046764607778734e-02
5.381004499119971390e-02
1.030047355852733437e-01
3.755588211010521538e-02
7.064330796867461515e-02
4.309490766204596840e-02
2.864429894847934921e-02
1.007744645353584600e-01
1.200047592870866486e-01
1.163130963428108886e-02
1.261467101101738375e-01
3.916461690776012333e-02
8.501008147171500162e-02
9.855032304022098844e-02
6.522168297008609783e-02
9.940108468513565720e-02
8.625273370145888907e-02
7.274285742584556125e-02
7.447354889095604558e-02
8.643579624972448638e-02
8.829209017011530047e-02
3.105455394227588789e-02
2.619001329750924451e-02
3.057627109394438908e-02
4.708419654397579673e-02
6.475581652169981606e-02
3.084335426565540730e-02
2.143623484769880544e-02
9.593406172107592222e-02
9.534713979375192272e-02
2.518931228185601959e-02
6.528477305291317812e-02
5.342144694229383067e-02
6.073706242250656584e-02
7.385134452417291273e-02
2.472781696839362539e-02
6.738645743937259069e-02
5.248400510769245242e-02
7.642089707133721543e-02
6.776834815519645894e-02
7.764646049626713897e-02
6.514417993987091371e-02
9.961205663869528160e-02
6.750627695856098454e-02
7.460366739433456351e-02
7.322251694895913487e-02
4.424239368214339524e-02
9.503592328721903459e-02
5.188953965389434680e-02
9.999373396460727037e-02
1.376091054400034597e-01
1.136705644379706615e-01
1.478000137605448572e-01
7.105160892665733641e-02
7.088450072742157049e-02
6.220160269174942330e-02
9.648847512711268559e-02
2.772367990687338302e-02
7.635745319946216081e-02
6.440367880859915184e-02
5.919172102539757563e-02
5.747149635931479011e-02
3.485592634098776815e-02
5.047371747980519685e-02
1.042607001325934757e-01
4.763879153818963152e-02
2.631947015636674700e-02
8.932497521714649613e-02
4.539685086769221917e-02
2.527493391496638542e-01
1.301178727249505673e+00
1.572050485840194911e+00
5.326506991760989740e-01
3.731278042045452215e-01
2.757365317923924919e-01
1.608190548166451572e-01
9.726353397799199219e-02
2.307348829861326500e-01
1.403077434770008680e-01
2.516043097604595546e-01
2.663963983539640590e-01
2.143325943496127706e-01
1.955967759344623691e-01
8.355610792768482231e-02
1.255673943138128079e-01
1.302298173583296415e-01
7.853672497192669411e-02
1.690092035102241097e-01
3.410456445386955138e-01
3.608466955870034965e-01
1.381736173628043407e-01
1.349204595119941341e-01
1.111765159148918464e-01
1.469058552021365038e-01
2.173023531127643293e-01
1.274517884559991932e-01
6.618334739612091733e-02
1.010842383283105661e-01
7.547036486278205225e-02
6.187186276369002064e-02
7.452182810512704425e-02
2.327586587969089973e-02
1.069962694949443544e-01
9.963935433645060291e-02
4.483351790253536917e-02
7.327319454950531608e-02
7.412646782218121344e-02
8.792962913366315914e-02
7.812008903903903956e-02
6.310601088393366642e-02
4.286222287128080982e-02
4.889979411221891115e-02
2.725488885883455351e-02
4.121979272038131525e-02
2.628118067883210632e-02
3.351681442795026444e-02
7.070044339197187333e-02
5.747462231450266995e-02
5.723313330754757622e-02
6.896306817555859781e-02
4.607808289552985798e-02
5.160733742312120093e-02
2.912638579267868774e-02
3.627695412248380796e-02
5.905246865718655203e-02
2.664062034199493612e-02
7.288130848429677511e-02
3.829215677590527139e-02
4.945220641488240476e-02
7.124544880748924502e-02
6.510966653060236420e-02
8.129242829881738741e-02
8.168197904104390616e-02
5.568107472033583666e-02
5.144379222506322014e-02
8.345618250323831588e-02
5.918852286518106603e-02
4.507328953153643541e-02
3.674305195797327589e-02
3.443786452636874579e-02
9.024808592077435132e-02
3.631177031266190347e-02
6.921347015741517728e-02
2.854928474537659494e-02
1.400947452277979607e-02
1.112641500418494606e-01
8.519603165525770072e-02
7.203483981662404945e-02
9.970021707047674320e-02
3.005899545168786574e-02
7.851233314340566594e-02
6.677359810475411162e-02
7.519894231016376052e-02
5.312146137535857932e-02
1.228981298543591338e-01
3.534792759384667443e-02
5.740017527240200146e-02
2.908460019230595453e-02
5.792848880820769542e-02
4.714917583033043785e-02
7.493827117942403193e-02
2.735927169945914783e-02
6.956181154106089171e-02
5.642853319649046573e-02
4.419256906168239629e-02
2.558010556862324800e-02
4.502131080895181714e-02
9.491353490355169953e-02
8.661096291138735415e-02
7.656187671451893106e-02
7.050952499640425475e-02
7.138161340158021007e-02
3.973311311140977770e-02
6.669682517524966325e-02
1.097404933334263089e-01
8.939988143639460150e-02
3.383365352310455099e-02
7.624136282825921818e-02
3.260795569901180080e-02
3.147432493561929528e-02
1.055139772093405953e-01
1.097789639743205481e-01
8.435880386755502391e-02
1.424150861800058399e-01
3.508492358714430243e-02
4.937468321958131401e-02
6.412296784139466521e-02
5.457754679199605663e-02
6.024769541112304921e-02
5.964649732771791502e-02
5.256037041014692546e-02
5.167160938823125993e-02
7.221292410834431741e-02
5.753204540497639657e-02
7.021244464833654997e-02
7.857669623391301539e-02
3.756118482157339011e-02
4.639309785176108647e-02
1.038402746301968355e-01
1.255683086416609640e-01
7.337319039721308667e-02
3.568155283125926114e-02
6.105979290717990920e-02
8.851836661607158374e-02
5.564216963793095633e-02
4.502186638390628937e-02
7.128475458249465546e-02
9.529914832439435879e-02
8.208561229778793544e-02
8.449656274818846680e-02
5.439260584691927441e-02
3.495416546950142617e-02
8.446725341308042312e-02
3.100556062657152182e-02
4.125737059453120359e-02
2.415819148459958862e-02
2.555427807931676815e-02
8.574389072102704679e-02
4.907012134098604622e-02
1.270644642001388797e-02
2.737902607811357539e-02
8.058093259924868634e-02
9.191749723581307818e-02
1.334181264371828435e-01
1.108604990429799680e-01
8.642690182370482699e-02
7.299490883070575142e-02
6.359090485926445491e-02
1.010209798087612770e-01
5.987057880180215313e-02
2.128531332899432152e-02
4.605167047584500517e-02
2.201288511865970646e-02
6.383261939574164101e-02
5.039696842030889912e-02
6.954003106847378435e-02
2.470077089509995980e-02
5.956405442560781804e-02
4.008668345806404992e-02
4.755747524270875076e-02
7.315997533978564615e-02
9.399431469164844233e-02
1.082491692589460514e-01
4.414997033501499163e-02
1.084249030221298531e-02
8.295736888778962315e-02
1.363604235116937791e-01
4.270945846157037096e-02
4.701356680052928144e-02
2.427148072972411252e-02
1.091034279403817892e-01
3.828113036718752693e-02
5.164838580090383435e-02
7.481799996960182553e-02
7.523037781192820628e-02
6.209388258077048334e-02
8.172944113442695557e-02
4.657133159131175704e-02
8.523109086526764466e-02
1.019102602698581800e-01
5.515188073685572956e-02
3.660795210232737490e-02
7.126514627128917312e-02
1.034877809538057962e-02
3.392739612580535080e-02
5.658311677141411589e-02
7.979482909252895440e-02
6.555087929733421914e-02
3.146732393312007964e-02
7.899476917213690830e-02
7.292833579038920933e-02
2.469687714768754178e-02
9.312701085216218422e-02
6.333489993252194861e-02
6.247033851494464274e-02
6.200645598543855219e-02
6.248791549453026895e-02
3.364504274290033847e-02
3.623914112493837464e-02
3.168368487330337074e-02
1.028321642214532483e-01
6.333002232870259263e-02
4.568126998138901523e-02
7.934920166397355090e-02
1.233350701762105442e-02
4.156432634287495625e-02
4.908483662287443927e-02
7.188129564311522557e-02
6.778600601424600303e-02
3.330354529076888503e-02
7.094657580695119814e-02
1.179976240387652642e-01
4.835580123805565539e-02
8.533731826098879536e-02
5.986258255885434920e-02
9.252925233652693759e-02
1.188449070118129114e-01
1.051330443441605283e-01
4.947513126965649016e-02
6.903225430360336590e-02
7.731235206338717136e-02
6.481263336254480811e-02
7.481357145013114995e-02
6.177456047091207936e-02
1.753416260774528501e-01
7.418495813380557302e-02
9.244357701698334429e-02
9.591772246890845066e-02
2.349658253679692485e-02
1.759483414887892672e-01
1.762098235295711524e-01
1.471059033100222402e-01
7.846029224650326317e-02
3.275392243894688638e-01
1.568080217705911938e-01
1.162409391481861454e-01
8.876660954846878060e-02
8.451582181763561685e-02
1.226144170733244193e-01
9.460372294480082211e-02
1.423851955816572978e-01
2.148972954556034598e-01
1.670599882338542064e-01
9.307850661611678789e-02
1.806046853764396443e-01
1.249516797114437888e-01
9.240351884969776053e-02
6.827424940488659166e-02
1.435740117812056849e-01
3.048312817483762593e-01
2.723393155044400715e-01
1.170324222863168562e-01
2.831637373981168437e-01
2.886165701801805539e-01
1.243480964117507498e-01
1.730541959552529541e-01
4.043373851125066365e-02
1.942399623302648870e-01
1.733257268930811779e-01
2.130187346452381003e-01
1.501628453403396068e-01
2.797350138090821114e-01
1.988673395707302449e-01
1.172728111886760932e-01
1.388243589683234580e-01
1.645045945549165889e-01
1.630381456762226566e-01
1.309787985849139857e-01
1.386228066699655703e-01
1.728955209002122073e-01
1.526210567086021541e-01
2.233805922357474105e-01
9.323800870046958233e-02
1.226889400358878585e-01
1.725016663520670679e-01
1.233941628281278319e-01
8.494770126004029531e-02
2.252255608704989975e-01
1.336156858831310801e-01
1.611346684577948385e-01
1.192394136331253601e-01
1.411638602627960370e-01
1.837677872781890709e-01
7.480472624548388516e-02
1.546859700862165399e-01
5.295688723545143028e-02
1.008515698243226261e-01
9.997368279417698234e-02
9.270898394198037740e-02
1.296552142044136990e-01
1.333761661533579279e-01
1.024007893672384262e-01
1.613584621227393823e-01
5.580908279868782712e-02
1.907710349385292603e-01
1.381577711115387908e-01
2.065250158413512449e-01
8.708648094334946188e-02
1.734165353854045244e-01
3.128357268331754537e-01
9.043809099294336518e-02
1.205014925309135648e-01
2.480574018672404291e-01
1.389125273242715342e-01
2.093077481684498808e-01
1.744263087523630906e-01
1.697052737290365432e-01
1.368696058191679610e-01
1.398322745430786163e-01
1.190360815790167115e-01
1.447864896105911792e-01
1.442721353333164813e-01
9.758345295626863480e-02
1.334272730735100998e-01
1.173765228769800828e-01
1.623982746979150682e-01
8.436051545781168837e-02
1.267405602234128736e-01
2.269795412486613484e-01
1.197978126226900003e-01
1.181979711303139946e-01
2.171942147284873226e-01
1.950664516694917971e-01
1.620981910375042800e-01
1.039516728331859874e-01
1.400784614062522693e-01
1.501477821693795178e-01
9.284620698000010941e-02
1.806006959951372837e-01
1.170507207547784034e-01
1.259100116457729235e-01
1.136461426242637851e-01
2.358729772624239551e-01
5.291516615754560116e-02
1.915861369929171554e-01
4.601240388338675297e-02
1.048620899852177463e-01
1.031927074803020428e-01
1.847416168155375238e-01
4.869874823157373245e-02
1.589850028021762840e-01
1.244750792092746000e-01
1.914285448219645025e-01
1.036889268501208633e-01
1.322090866940081877e-01
1.513075090090422736e-01
1.267440803139164851e-01
1.764186611375289648e-01
8.133818745789037075e-02
1.417987204749147356e-01
1.209196902507577165e-01
7.962382553958047282e-02
7.490139684385568875e-02
2.166727395734399098e-01
8.973159575225217455e-02
1.891621029728324521e-01
1.072683661420317375e-01
2.078982382346476199e-01
2.282579936674854482e-01
1.984906817482447461e-01
2.372350913680489615e-01
1.338583558648843708e-01
5.048687328306324801e-02
2.909959532962780315e-01
2.048453778818158655e-01
1.257631148102796859e-01
1.196474158996015946e-01
1.879113526823926461e-01
9.016559653555566989e-02
8.794874069058114530e-02
1.631109261540308608e-01
2.261012889181014396e-01
1.435076085921851152e-01
2.075276753441570865e-01
7.697381339371028863e-02
2.068868504805126685e-01
1.930521662314618192e-01
1.236212578352067909e-01
1.443774784513445208e-01
1.205769109916349502e-01
1.100275813803356373e-01
2.168985169098303356e-01
1.963811287285235907e-01
6.859455167395824005e-02
1.697596602364557228e-01
1.030092690136018840e-01
1.460559947224340793e-01
1.096004554395256098e-01
1.232536189433826729e-01
3.669738626741653187e-02
9.064128473567042987e-02
2.849097045529430661e-01
1.718838893822119684e-01
4.723446451431000809e-02
1.958848738677382850e-01
1.241609620016101284e-01
1.505221808249361248e-01
1.075777451297034587e-01
8.748339009371124131e-02
1.109142389366202519e-01
1.161823625345557026e-01
1.399446656289791147e-01
1.264887566639172900e-01
1.999045692019356113e-01
3.877211415326682620e-02
1.342756833114758519e-01
7.566249421721665813e-02
6.373899351103227973e-02
2.262206236301321227e-01
1.019803256935241237e-01
1.297845633704772517e-01
5.887202491710561564e-02
2.177906885775590662e-01
1.055255564831497489e-01
4.991976610263840902e-02
1.151503838504790295e-01
1.056232337582798247e-01
1.946034651607495003e-01
1.246098539241007885e-01
1.148752510295724394e-01
9.036299651215791429e-02
6.690283952168385451e-02
5.683557316890186506e-02
1.517284904762996045e-01
1.042624247757148459e-01
1.473511330060205959e-01
9.641969360590062210e-02
1.313847026028048259e-01
6.944926270890086628e-02
2.376613247437174906e-02
1.067026062249566837e-01
2.156064922477353984e-01
8.350210336111130172e-02
1.502982921596275057e-01
6.796512342168928300e-02
1.108464130385043989e-01
6.094800321072462584e-02
4.896645439439726438e-02
8.301551800783438240e-02
8.794795077046452247e-02
1.001945334391807774e-01
1.071576827411030580e-01
8.441856397654802502e-02
6.004900178786943404e-02
1.142887978737603255e-01
5.117805932717989226e-02
1.592436184217211059e-01
7.071813680234700916e-02
5.897574133423466591e-02
8.738981654875040139e-02
7.031887221062242677e-02
7.371654687679086992e-02
3.835197427338594978e-02
1.147127457772617737e-01
1.129628114245114778e-01
1.976473199952643311e-01
6.457985309279495878e-02
1.591585957696111109e-01
1.596386299508297246e-01
1.978293022433011417e-01
4.548296357809676616e-02
9.174151733539852305e-02
5.235626192180548033e-02
3.937133164843156785e-02
1.051465864895553687e-01
1.071500079989154558e-01
6.301490983437831039e-02
8.093706284781139459e-02
8.209034425970164472e-02
6.581243115729229487e-02
3.606747377450415792e-02
1.236666851370430142e-01
1.137286322622105272e-01
1.039179472328626147e-01
1.762488727395402077e-01
2.828624405237206707e-02
9.792118202488041268e-02
8.647032006156787909e-02
1.280816878301019868e-01
1.496598663208568158e-01
5.945145062007231584e-02
2.281847654001355544e-02
4.281447874904275447e-02
5.592697272837714173e-02
3.712281257733467121e-02
1.772288736627822547e-01
9.580697608791803599e-02
8.917041951650389597e-02
9.423371850048399556e-02
9.690181069203186726e-02
1.078695257043117972e-01
7.981711340715763603e-02
1.319143489006274761e-01
7.113914467593113189e-02
1.501115820854157235e-01
1.521183418490717754e-01
9.633214046043715728e-02
1.037030318424405628e-01
5.958421818993921149e-02
6.963053336903977930e-02
8.743142897357801535e-02
9.925567095304820009e-02
6.962396461613726273e-02
9.022989243765865142e-02
7.451583521205520921e-02
1.065976060836687223e-01
1.010818994265649390e-01
7.534314748443518561e-02
7.119673767538234332e-02
8.671792501317526769e-02
8.167057774035825155e-03
1.570835305790142244e-01
7.116673568732623245e-02
6.220970114046370236e-02
1.517562250113343170e-01
2.055406220529114661e-02
6.788834832717614842e-02
5.066354058953300571e-02
3.509453202286991896e-02
9.848886791740937841e-02
1.605144946277353712e-01
1.424661451119615119e-01
1.233374501796867806e-01
7.633571829674595799e-02
1.288201993536779166e-01
6.855864025915900384e-02
1.427484922576930937e-01
6.032651340574183424e-02
3.261954045398761382e-02
1.212706463683763253e-01
4.867943730650785283e-02
3.018754783079369633e-02
1.864148479332626562e-02
8.961792457526182587e-02
3.155625421879907494e-02
9.061253972889785069e-02
8.580807719290202418e-02
6.505224303577879230e-02
7.465090925723773252e-02
7.564842280972730593e-02
7.044688791868462807e-02
7.210436917250348521e-02
8.691844314590489728e-02
3.453078659325193450e-02
4.169420263246397668e-02
6.532381118103679218e-02
6.889343084681268103e-02
5.951041392336153119e-02
1.044634787378234952e-01
9.875931924891830083e-02
1.153728276409626829e-01
1.210181278975427932e-01
3.883538646932213623e-02
1.009817008077125711e-01
1.684008071189564970e-01
5.084539426014618446e-02
1.610834798746172414e-01
1.269728658125931220e-01
3.217738990525988857e-02
5.132988903003502662e-02
1.086204869148479774e-01
6.889033389808967012e-02
9.621448507014486451e-02
7.222738009695341133e-02
7.840675044358326462e-02
8.389420894252865024e-02
9.977844704153293609e-02
6.732948481416839437e-02
9.448724347033204962e-02
9.651408388936311145e-02
4.100014865164013783e-02
1.274874982862277961e-01
1.318355970622522022e-01
9.939533544969067491e-02
8.568953977248809639e-02
9.862270697000606601e-02
1.233572574781186260e-01
8.243851636510868275e-02
1.484137528926579019e-01
1.103586663075636493e-01
7.364645474496432642e-02
1.017658060548411597e-01
9.232698104181986942e-02
8.639125617486509423e-02
1.105554535974080654e-01
1.357926310344441390e-01
9.952326277283010669e-02
1.750468282076066973e-01
3.246407685245538549e-02
7.069211045660477033e-02
6.747736279884943011e-02
9.604226697898005094e-02
5.013446198950723826e-02
1.093172142654547374e-01
2.302966951939655268e-02
4.444214758353422223e-02
8.372228269808457135e-02
3.604209332494051621e-02
1.832275441609597932e-01
1.782345392453182076e-01
1.980927644791894982e-01
7.051447038616934226e-02
5.764494331923011861e-02
5.617014609312656614e-02
1.000226789428116103e-01
1.742283093256726811e-01
7.269717354467680748e-02
7.616018878570122996e-02
8.253248368436677529e-02
9.959610496622289810e-02
1.865133448222975887e-01
1.815448700157869799e-01
8.286299195742806434e-02
2.057413402822163562e-01
5.758998061284822251e-02
5.528658097141371519e-02
6.746045598346454841e-02
1.084471419535670972e-01
3.552163092386538545e-02
1.122171355305573853e-01
1.325704877940852011e-01
1.754646977607815239e-01
7.947473609259991800e-02
1.336052861362433675e-01
1.214398107980093761e-01
1.089178297948904944e-01
1.182846977017141532e-01
9.448518768931384038e-02
3.344701747449089352e-02
1.193835988569525997e-01
7.840578273197526538e-02
2.080485887019230262e-01
1.307459396098594184e-01
2.649993780328319670e-01
1.063693616126940161e-01
1.094522187537173424e-01
2.368551564204090520e-01
1.215460598682806537e-01
2.628691302782236172e-01
1.517998854373504847e-01
1.109722718909072064e-01
2.422463068479518422e-01
1.239017343646608149e-01
1.330745409058605999e-01
8.052745905286043393e-02
1.668767763228199696e-01
9.674887541432886096e-02
1.963472599299578569e-01
9.309205510517294668e-02
1.762215831167709135e-01
1.414339273402501485e-01
1.072937433352035425e-01
4.122850076329996616e-02
1.298533204404392072e-01
1.393745970231075604e-01
4.410265956603349330e-02
6.339138619207898562e-02
1.224333844155099105e-01
1.229114988098375660e-01
1.765054075533293576e-01
1.348507236667328968e-01
1.895433698772397146e-01
8.927224834249875007e-02
1.108492978976557547e-01
1.110547108932011390e-01
6.172605836399301660e-02
9.264426743444062473e-02
9.607484533947183158e-02
8.682927007482640902e-02
1.005106819640986943e-01
1.690668191785911767e-01
1.246204285343586182e-01
1.353619998932421575e-01
1.204442473557003901e-01
1.439591669051040745e-01
5.108303437543040143e-02
9.693326465809065651e-02
6.545407031890154714e-02
7.357344839528609515e-02
2.520667838579277453e-01
6.583195182005534274e-02
1.561280527145726404e-01
1.023078925923664867e-01
9.865648972611493206e-02
1.370176239888877823e-01
7.838332130194478053e-02
1.600702024225348907e-01
1.829895269518543310e-01
1.750292943059902073e-01
5.769427251280498381e-02
1.307603132535741786e-01
4.178465666358933961e-02
9.349152247055717013e-02
6.360823343079352599e-02
4.026893099006539217e-02
9.727919779701579839e-02
8.235256185824951780e-02
1.252221071639068872e-01
9.143544762521309266e-02
2.178253491908302419e-01
1.516104578141045101e-01
2.309549331751622747e-01
1.775634759193732426e-01
1.485224794942996140e-01
3.253231290885261889e-02
9.274784918588652172e-02
1.078640233851349967e-01
1.371709047060397924e-01
3.560775860331200776e-02
1.093193988010594808e-01
1.122180278650173751e-01
9.235561856372070944e-02
1.477864501470853020e-01
1.446347632194800066e-02
8.383621343148248140e-02
8.849276531782021560e-02
6.272025328534044930e-02
6.715964504062975349e-02
9.595557690928938066e-02
6.649794721806845388e-02
1.243087680126008232e-01
1.451155470992400165e-01
6.169631657037558115e-02
8.229983663538428806e-02
3.313207793845613508e-02
1.828631272248500139e-01
8.627078574510110842e-02
2.028410395170818503e-01
6.833133555109674462e-02
1.757135416758976165e-01
1.698080874457638390e-01
4.490113215509280997e-02
1.105283430964663222e-01
1.523590495215905172e-01
7.242112332621901405e-02
1.087163532937837213e-01
6.196971080109994062e-02
1.444982182068439980e-01
1.130689298387598241e-01
9.469843624946902572e-02
8.417796092247502304e-02
1.966750710864611784e-01
5.701405355061358454e-02
9.931274935668324422e-02
1.188302736605164750e-01
5.328120084388080629e-02
7.138777252227684889e-02
1.069024498521242428e-01
8.849506902493024796e-02
6.926055866935333649e-02
7.717894467453367824e-02
1.029910421690573286e-01
1.352672880516035681e-01
1.114198576036633664e-01
9.788427479312608592e-02
7.665288946152661043e-02
2.009811421762715822e-01
1.277957791877530891e-01
9.990066945815979926e-02
6.674573651784411477e-02
9.492862840609311847e-02
8.455817546428270881e-02
7.214052611933174930e-02
9.832111329958383161e-02
7.993401204007753724e-02
7.790594213824530989e-02
1.165903071827600473e-01
9.514223425650844557e-02
1.330956853298502218e-01
8.299773933223954236e-02
2.518391174951535860e-01
3.315372902142800504e-02
7.089840605122026129e-02
3.325970775753880893e-02
8.064530954629732518e-02
3.430485981342892149e-02
3.763188933025544275e-02
4.640722850216914830e-02
1.003852666052097165e-01
3.105612300219870447e-02
6.872142784377351099e-02
7.978331576208809450e-02
5.061374396482837268e-02
4.248908229641477907e-02
1.108033402470692957e-01
4.116016809079849070e-02
1.085513854197072831e-01
3.229842656934538841e-02
7.987708053462348745e-02
9.422535174909110745e-02
8.033474157946582372e-02
6.992111450368625192e-02
5.525818786456758447e-02
5.582068639402652799e-02
7.637938883660359835e-02
9.482488166659649997e-02
1.965044627262620136e-02
6.473543540403710328e-02
2.532442285086685882e-02
6.907441087017097969e-02
9.836721481740316742e-02
3.354167285710792784e-02
5.674780786593056070e-02
2.655142873128095785e-02
1.010224789915559543e-02
4.598666700654944345e-02
1.308828531632253434e-01
5.690411753908099224e-02
9.158611206093554558e-02
5.427303706056103155e-02
1.210791901976971674e-01
4.538335929188161422e-02
1.499709351925148162e-02
1.046265112816478215e-01
1.379476560469738641e-02
6.720448395696090871e-02
1.140072223148578673e-01
1.444865187233704829e-01
4.882048176819674123e-02
6.880047283410879733e-02
5.273948974014357194e-02
3.785661374227496795e-02
4.029170720286816276e-02
9.205657103928585605e-02
3.276287461990578381e-02
1.402662179033983825e-01
4.518203727030001282e-02
3.512377051113400872e-02
3.127487929592824567e-02
8.525230583940306139e-02
3.623092379283821690e-02
2.062281741189057188e-02
6.072448552655450305e-02
5.703408118348959194e-02
2.072412247126471235e-02
6.346772525397062492e-02
1.585630818651929605e-02
2.771559896034096401e-02
8.472002903674651086e-02
7.951780218795219402e-02
5.938986146025390656e-02
5.162536955920692117e-02
5.920415530589746844e-02
6.806130132010797251e-02
4.990719476485601380e-02
5.537337765355660607e-02
3.795758517917951352e-02
5.063167512571510598e-02
3.206743630659904254e-02
5.981763716514888057e-02
6.152044567222271498e-02
2.307637557887635624e-02
3.178012771711698908e-02
4.356168416807310734e-02
7.732343163876922998e-02
8.119320698628157418e-02
7.088927010058654332e-02
4.238480355167063146e-02
5.324156366469181417e-02
5.514484663603140546e-02
4.759235038032642688e-03
3.233872061763023997e-02
2.254033276261219881e-02
5.634688507997633045e-02
4.319665874352976442e-02
3.748459036415015266e-02
1.193086700103070628e-02
5.771531547326985701e-02
5.287962238293830025e-02
6.880637906739085763e-02
3.356799835291301992e-02
1.159878617226134390e-02
5.522796632499321623e-02
5.506938719424750439e-02
8.307373628257139209e-02
9.527122192995578220e-02
2.129985646649998898e-01
2.140789014371307641e-01
2.887885506573639738e-01
3.080513972758214813e-01
1.980747526718665275e-01
2.324880567301672030e-01
9.278598789245522394e-01
7.305792430117798997e-01
6.869512812061362439e-01
2.525480158975380585e-01
1.719310915440332987e-01
1.412239468784134699e-01
2.953169536362658110e-01
2.846642851251797168e-01
3.669652698779327649e-01
3.339865757889278197e-01
3.090751362656751766e-01
4.788215786292224219e-01
1.233231489384357810e-01
1.686643350716517387e-01
7.196149114052471929e-02
7.690180852942006817e-01
6.158706227652737120e-01
3.344381932315065864e-01
4.896949273343498832e-01
4.355217207531916768e-01
6.299778944099059252e-01
1.276875568001157035e-01
1.828398795321431736e-01
2.318632750414829358e-01
2.851590580857104040e-01
3.076383663962589665e-01
2.643152075551806757e-01
2.356596064835317361e-01
2.049351425644845015e-01
1.349771959491374296e-01
1.987500060028086768e-01
1.486836359524703888e-01
2.715473749143603177e-01
3.071655967686534594e-01
1.929147491768009315e-01
2.036411988439420229e-01
2.793012091325581259e-01
1.957646058789999366e-01
6.834059623057170407e-02
1.608495107943202496e-01
1.486282533632095892e-01
5.734570066111937398e-02
9.152883624082509828e-02
1.573455159324339547e-01
1.666829636977094631e-01
1.792348104142628407e-01
3.253300509615995040e-01
1.724231766716454450e-01
1.038170314770298502e-01
1.388428482086146998e-01
1.883758139824728006e-01
8.705045562284627336e-02
1.835722886778645979e-01
1.735348475077493069e-01
1.236231059616420686e-01
1.355413471918785751e-01
2.241382547235566680e-01
5.707071081166429499e-02
7.253404458784136477e-02
1.358858939681251432e-01
1.076540547958652616e-01
6.961234283947584367e-02
7.017362281515060474e-02
4.624029707169008407e-02
4.933612971559057925e-02
1.253727827780557746e-01
5.133545259809766531e-02
2.491009300074862598e-01
8.317933052906617553e-02
9.492859650706216013e-02
2.011445456846024660e-01
1.078779431837287167e-01
2.231289451131550361e-01
5.723231422473575719e-02
1.205327983657427521e-01
2.776573076418216712e-01
1.520655254731036743e-01
1.924998400294096468e-01
1.480484700821635413e-01
2.768515464818045446e-01
2.000225878371141575e-01
1.423962937866007639e-01
1.362365393683819814e-01
1.182043393081276123e-01
5.258484225770117260e-02
1.790514233616184725e-01
1.859738243737387164e-01
6.432872339331474620e-02
6.679649712170290798e-02
2.593751871939674047e-01
1.863849049905449973e-01
2.644049987286084535e-01
2.151589377058618635e-01
5.957936013035776412e-02
2.148121039183533143e-01
1.215977920612143354e-01
1.667354212013764658e-01
2.006303490913832754e-01
5.902111890986530551e-02
1.823875977806613535e-01
6.966578548579296926e-02
1.595979621566189222e-01
1.109334806998454742e-01
1.006688293850015181e-01
1.354757768753930836e-01
1.783449463628802578e-01
9.441358420283729735e-02
2.121884518163065503e-01
1.059370379885453683e-01
1.975932984109007862e-01
1.439133797779278412e-01
4.532069654673329118e-02
2.772468455285489464e-01
6.593200556094902520e-02
1.595179004733280059e-01
1.907460804443229518e-01
1.971165210638636534e-01
2.279577774283133018e-01
1.520823600527159147e-01
1.379466931677005848e-01
8.959349228094161399e-02
1.000541765995700688e-01
1.565036138036418056e-01
1.430513643351298270e-01
5.767920717211431902e-02
1.468183086174461305e-01
1.467057678748628635e-01
3.644819961535392810e-02
6.313461781871305967e-02
9.435684693837381731e-02
3.891774257300493339e-02
3.781953599113268422e-02
1.581046187639351119e-01
1.701813434883081011e-01
5.126025794274386566e-02
1.406720240596942839e-01
2.040952764459158242e-01
7.590126649428657890e-02
1.290226030418168135e-01
2.008146372127180834e-01
2.032257200448847334e-01
1.312924861895601591e-01
1.655454832275632948e-01
2.177648295938016121e-01
1.245295031305068689e-01
1.422354934360510470e-01
1.138649740482836625e-01
1.479009639815362653e-01
9.438168665310313343e-02
3.198994608773559484e-02
1.087139352332242848e-01
7.672988256117667383e-02
4.800601683160041905e-02
8.585280366601681645e-02
1.649997163629037811e-01
9.157509610146429002e-02
2.151342890694327159e-01
1.000371886929505988e-01
1.850968442219528831e-01
7.049381857075014135e-02
1.252497395490024812e-01
1.045567255827585529e-01
2.333089570894580356e-01
1.234533111915172288e-01
1.373818934855803586e-01
8.861682627145529845e-02
6.503839453733520348e-02
8.992768234249612358e-02
1.120774939955373611e-01
5.884446140598517672e-02
1.300644811458339378e-01
9.054102852018736103e-02
7.157314173981334238e-02
8.940308960965721863e-02
1.169149122975796373e-01
9.185441162228662193e-02
8.268242634590805551e-02
5.954978769832081770e-02
9.010503540980796533e-02
7.734040025159880094e-02
5.091695324718813198e-02
6.034164671616798481e-02
1.908735715439706937e-01
3.927607505108893227e-02
6.123474262415427166e-02
1.602860466786870386e-01
1.363543100618941628e-01
5.889916908743103585e-02
9.037857114163239114e-02
8.488415942665879232e-02
4.352377723072842902e-02
8.419305751722928888e-02
6.549754005764271692e-02
1.700927762458384271e-02
8.867353782806121354e-02
8.154296396169578853e-02
5.555276322168224701e-02
6.321578158304491657e-02
1.283586509564176026e-01
7.503610470670382671e-02
5.929445381506342344e-02
5.844813416803027600e-02
1.234565679395584620e-01
2.553076619622411669e-02
5.823183760958117877e-02
4.864109338801106408e-02
1.067296610352384406e-01
1.098435744676670017e-01
1.346058147705253838e-01
4.341006864056816406e-02
2.305244490084985831e-01
2.453984969636403279e-01
5.349476725358615764e-02
1.508620998990561901e-01
2.519988259600384750e-01
1.766310910585229266e-01
4.757795614068897200e-02
2.038468979740139519e-01
1.289971311354425609e-01
7.486255091940438589e-02
1.223152839315241047e-01
7.251820079404652786e-02
6.231395165798195995e-02
7.869916194956151634e-02
1.111072968440525027e-01
5.087608474979346540e-02
7.822061688225023790e-02
3.190898266099793934e-02
8.989169459159916664e-02
5.401595663393055774e-02
6.069001910397523597e-02
5.863310232664341315e-02
2.075621626356440388e-02
5.764276347100789205e-02
3.026447177680228681e-02
6.313666609272425290e-02
2.238599326058794692e-02
1.016728210650732211e-01
7.399651607890844751e-02
1.254439431971945129e-01
1.174619688753673619e-01
1.648003039674162951e-01
1.589764448788643647e-01
1.412108523740200072e-01
1.963153752009144659e-01
1.113359013990099650e-01
1.184841733720536777e-01
3.497976562745179485e-02
