3.182900000000000000e+04
3.181700000000000000e+04
3.181400000000000000e+04
3.180500000000000000e+04
3.179600000000000000e+04
3.179800000000000000e+04
3.182900000000000000e+04
3.178600000000000000e+04
3.180500000000000000e+04
3.182000000000000000e+04
3.180100000000000000e+04
3.180900000000000000e+04
3.183200000000000000e+04
3.184300000000000000e+04
3.183100000000000000e+04
3.180900000000000000e+04
3.179300000000000000e+04
3.182800000000000000e+04
3.179200000000000000e+04
3.181500000000000000e+04
3.178400000000000000e+04
3.178400000000000000e+04
3.182600000000000000e+04
3.179300000000000000e+04
3.181600000000000000e+04
3.178600000000000000e+04
3.178900000000000000e+04
3.177500000000000000e+04
3.177600000000000000e+04
3.182700000000000000e+04
3.179400000000000000e+04
3.180100000000000000e+04
3.180600000000000000e+04
3.178600000000000000e+04
3.177600000000000000e+04
3.181100000000000000e+04
3.179200000000000000e+04
3.178800000000000000e+04
3.181200000000000000e+04
3.182300000000000000e+04
3.179500000000000000e+04
3.181600000000000000e+04
3.179300000000000000e+04
3.183000000000000000e+04
3.179000000000000000e+04
3.181500000000000000e+04
3.180900000000000000e+04
3.181400000000000000e+04
3.179300000000000000e+04
3.180700000000000000e+04
3.179800000000000000e+04
3.180200000000000000e+04
3.178800000000000000e+04
3.179100000000000000e+04
3.179700000000000000e+04
3.180600000000000000e+04
3.177900000000000000e+04
3.180300000000000000e+04
3.180700000000000000e+04
3.183900000000000000e+04
3.181000000000000000e+04
3.179600000000000000e+04
3.182100000000000000e+04
3.178000000000000000e+04
3.180700000000000000e+04
3.180700000000000000e+04
3.178600000000000000e+04
3.180700000000000000e+04
3.177600000000000000e+04
3.178500000000000000e+04
3.181200000000000000e+04
3.176000000000000000e+04
3.181400000000000000e+04
3.177100000000000000e+04
3.179900000000000000e+04
3.181300000000000000e+04
3.181200000000000000e+04
3.182600000000000000e+04
3.181300000000000000e+04
3.181300000000000000e+04
3.181600000000000000e+04
3.180200000000000000e+04
3.183200000000000000e+04
3.180200000000000000e+04
3.181100000000000000e+04
3.182600000000000000e+04
3.182500000000000000e+04
3.185400000000000000e+04
3.187400000000000000e+04
3.187700000000000000e+04
3.188900000000000000e+04
3.197200000000000000e+04
3.209100000000000000e+04
3.242200000000000000e+04
3.258600000000000000e+04
3.263200000000000000e+04
3.254100000000000000e+04
3.252300000000000000e+04
3.247500000000000000e+04
3.255000000000000000e+04
3.255300000000000000e+04
3.262900000000000000e+04
3.257600000000000000e+04
3.264500000000000000e+04
3.274500000000000000e+04
3.335200000000000000e+04
3.379300000000000000e+04
3.417200000000000000e+04
3.356100000000000000e+04
3.336700000000000000e+04
3.341000000000000000e+04
3.426600000000000000e+04
3.477200000000000000e+04
3.505100000000000000e+04
3.516200000000000000e+04
3.492200000000000000e+04
3.498100000000000000e+04
3.499000000000000000e+04
3.540700000000000000e+04
3.573300000000000000e+04
3.523100000000000000e+04
3.495300000000000000e+04
3.481900000000000000e+04
3.474700000000000000e+04
3.465800000000000000e+04
3.486000000000000000e+04
3.513600000000000000e+04
3.545800000000000000e+04
3.582500000000000000e+04
3.565800000000000000e+04
3.522900000000000000e+04
3.506800000000000000e+04
3.471500000000000000e+04
3.420700000000000000e+04
3.423700000000000000e+04
3.422200000000000000e+04
3.390400000000000000e+04
3.350100000000000000e+04
3.350400000000000000e+04
3.352200000000000000e+04
3.326700000000000000e+04
3.319500000000000000e+04
3.331800000000000000e+04
3.368700000000000000e+04
3.377900000000000000e+04
3.364300000000000000e+04
3.367500000000000000e+04
3.356800000000000000e+04
3.362000000000000000e+04
3.357400000000000000e+04
3.350900000000000000e+04
3.352400000000000000e+04
3.374200000000000000e+04
3.369500000000000000e+04
3.372000000000000000e+04
3.380400000000000000e+04
3.436200000000000000e+04
3.459100000000000000e+04
3.462000000000000000e+04
3.479900000000000000e+04
3.528700000000000000e+04
3.541200000000000000e+04
3.534000000000000000e+04
3.532200000000000000e+04
3.482700000000000000e+04
3.473200000000000000e+04
3.467100000000000000e+04
3.447000000000000000e+04
3.442600000000000000e+04
3.446800000000000000e+04
3.485100000000000000e+04
3.519900000000000000e+04
3.525800000000000000e+04
3.520000000000000000e+04
3.539400000000000000e+04
3.540300000000000000e+04
3.483700000000000000e+04
3.451100000000000000e+04
3.420800000000000000e+04
3.427100000000000000e+04
3.434500000000000000e+04
3.419400000000000000e+04
3.419800000000000000e+04
3.440200000000000000e+04
3.521700000000000000e+04
3.866300000000000000e+04
4.747600000000000000e+04
4.400800000000000000e+04
4.812700000000000000e+04
4.730400000000000000e+04
4.728900000000000000e+04
4.725900000000000000e+04
4.721300000000000000e+04
4.718700000000000000e+04
4.713300000000000000e+04
4.709300000000000000e+04
4.708200000000000000e+04
4.705300000000000000e+04
4.709000000000000000e+04
4.706300000000000000e+04
4.704400000000000000e+04
4.704300000000000000e+04
4.701900000000000000e+04
4.702400000000000000e+04
4.700800000000000000e+04
4.702000000000000000e+04
4.702600000000000000e+04
4.704200000000000000e+04
4.701200000000000000e+04
4.701000000000000000e+04
4.699600000000000000e+04
4.700200000000000000e+04
4.700200000000000000e+04
4.698100000000000000e+04
4.696900000000000000e+04
4.695200000000000000e+04
4.697400000000000000e+04
4.700100000000000000e+04
4.697000000000000000e+04
4.698400000000000000e+04
4.696300000000000000e+04
4.694800000000000000e+04
4.699200000000000000e+04
4.695100000000000000e+04
4.693500000000000000e+04
4.696300000000000000e+04
4.694100000000000000e+04
4.698700000000000000e+04
4.694600000000000000e+04
4.694500000000000000e+04
4.694100000000000000e+04
4.695000000000000000e+04
4.696900000000000000e+04
4.695500000000000000e+04
4.694700000000000000e+04
4.692900000000000000e+04
4.696800000000000000e+04
4.691000000000000000e+04
4.693600000000000000e+04
4.693300000000000000e+04
4.695900000000000000e+04
4.694800000000000000e+04
4.690800000000000000e+04
4.692800000000000000e+04
4.693600000000000000e+04
4.692200000000000000e+04
4.694300000000000000e+04
4.694400000000000000e+04
4.693000000000000000e+04
4.692500000000000000e+04
4.690800000000000000e+04
4.691900000000000000e+04
4.691300000000000000e+04
4.694200000000000000e+04
4.692200000000000000e+04
4.693100000000000000e+04
4.694000000000000000e+04
4.692200000000000000e+04
4.690800000000000000e+04
4.691900000000000000e+04
4.693500000000000000e+04
4.690500000000000000e+04
4.690300000000000000e+04
4.692600000000000000e+04
4.692900000000000000e+04
4.690100000000000000e+04
4.692500000000000000e+04
4.694600000000000000e+04
4.688000000000000000e+04
4.692400000000000000e+04
4.694100000000000000e+04
4.689600000000000000e+04
4.691600000000000000e+04
4.690500000000000000e+04
4.691600000000000000e+04
4.691100000000000000e+04
4.687600000000000000e+04
4.688900000000000000e+04
4.690500000000000000e+04
4.687600000000000000e+04
4.690700000000000000e+04
4.692500000000000000e+04
4.692000000000000000e+04
4.690400000000000000e+04
4.690800000000000000e+04
4.693300000000000000e+04
4.689400000000000000e+04
4.689400000000000000e+04
4.688600000000000000e+04
4.689900000000000000e+04
4.689200000000000000e+04
4.685700000000000000e+04
4.690900000000000000e+04
4.689000000000000000e+04
4.686000000000000000e+04
4.689100000000000000e+04
4.689800000000000000e+04
4.688000000000000000e+04
4.688600000000000000e+04
4.692200000000000000e+04
4.689100000000000000e+04
4.692200000000000000e+04
4.690200000000000000e+04
4.690200000000000000e+04
4.690200000000000000e+04
4.688900000000000000e+04
4.690300000000000000e+04
4.690400000000000000e+04
4.690600000000000000e+04
4.688600000000000000e+04
4.686000000000000000e+04
4.690400000000000000e+04
4.688100000000000000e+04
4.688500000000000000e+04
4.689500000000000000e+04
4.689100000000000000e+04
4.691000000000000000e+04
4.690600000000000000e+04
4.688500000000000000e+04
4.690500000000000000e+04
4.688500000000000000e+04
4.688100000000000000e+04
4.690800000000000000e+04
4.689300000000000000e+04
4.688400000000000000e+04
4.689200000000000000e+04
4.688900000000000000e+04
4.687500000000000000e+04
4.688300000000000000e+04
4.685700000000000000e+04
4.692100000000000000e+04
4.689500000000000000e+04
4.688300000000000000e+04
4.687300000000000000e+04
4.687500000000000000e+04
4.688100000000000000e+04
4.690100000000000000e+04
4.688000000000000000e+04
4.691000000000000000e+04
4.690100000000000000e+04
4.688000000000000000e+04
4.687900000000000000e+04
4.688700000000000000e+04
4.689500000000000000e+04
4.690000000000000000e+04
4.691000000000000000e+04
4.687400000000000000e+04
4.690100000000000000e+04
4.688600000000000000e+04
4.687800000000000000e+04
4.689000000000000000e+04
4.687800000000000000e+04
4.686200000000000000e+04
4.689600000000000000e+04
4.687500000000000000e+04
4.689600000000000000e+04
4.686800000000000000e+04
4.684500000000000000e+04
4.687800000000000000e+04
4.687200000000000000e+04
4.688600000000000000e+04
4.685300000000000000e+04
4.160300000000000000e+04
3.230600000000000000e+04
3.177500000000000000e+04
3.177100000000000000e+04
3.173300000000000000e+04
3.174100000000000000e+04
3.176900000000000000e+04
3.173700000000000000e+04
3.172500000000000000e+04
3.173800000000000000e+04
3.173600000000000000e+04
3.172600000000000000e+04
3.175000000000000000e+04
3.175900000000000000e+04
3.175300000000000000e+04
3.175300000000000000e+04
3.173900000000000000e+04
3.177000000000000000e+04
3.175800000000000000e+04
3.175300000000000000e+04
3.174100000000000000e+04
3.174400000000000000e+04
3.176800000000000000e+04
3.173300000000000000e+04
3.177500000000000000e+04
3.173300000000000000e+04
3.176100000000000000e+04
3.175800000000000000e+04
3.174600000000000000e+04
3.172700000000000000e+04
3.175000000000000000e+04
3.176100000000000000e+04
3.173900000000000000e+04
3.176500000000000000e+04
3.177300000000000000e+04
3.175100000000000000e+04
3.175400000000000000e+04
3.176100000000000000e+04
3.177300000000000000e+04
3.175900000000000000e+04
3.180100000000000000e+04
3.178500000000000000e+04
