3.811200000000000000e+04
3.809400000000000000e+04
3.809100000000000000e+04
3.809400000000000000e+04
3.806500000000000000e+04
3.809500000000000000e+04
3.805800000000000000e+04
3.804800000000000000e+04
3.809000000000000000e+04
3.808700000000000000e+04
3.809200000000000000e+04
3.810100000000000000e+04
3.802400000000000000e+04
3.810200000000000000e+04
3.810400000000000000e+04
3.808000000000000000e+04
3.812100000000000000e+04
3.808700000000000000e+04
3.811800000000000000e+04
3.809500000000000000e+04
3.811800000000000000e+04
3.810400000000000000e+04
3.809900000000000000e+04
3.810500000000000000e+04
3.809700000000000000e+04
3.806300000000000000e+04
3.810800000000000000e+04
3.810500000000000000e+04
3.811100000000000000e+04
3.810600000000000000e+04
3.812100000000000000e+04
3.810400000000000000e+04
3.810900000000000000e+04
3.812400000000000000e+04
3.808500000000000000e+04
3.811200000000000000e+04
3.810400000000000000e+04
3.807700000000000000e+04
3.809300000000000000e+04
3.805000000000000000e+04
3.810000000000000000e+04
3.810400000000000000e+04
3.807300000000000000e+04
3.810600000000000000e+04
3.809300000000000000e+04
3.808000000000000000e+04
3.810100000000000000e+04
3.810100000000000000e+04
3.810600000000000000e+04
3.808100000000000000e+04
3.810400000000000000e+04
3.813400000000000000e+04
3.809700000000000000e+04
3.809000000000000000e+04
3.811900000000000000e+04
3.807900000000000000e+04
3.811700000000000000e+04
3.811800000000000000e+04
3.810800000000000000e+04
3.810000000000000000e+04
3.807100000000000000e+04
3.811000000000000000e+04
3.811700000000000000e+04
3.810100000000000000e+04
3.811800000000000000e+04
3.812200000000000000e+04
3.811900000000000000e+04
3.809700000000000000e+04
3.809000000000000000e+04
3.810700000000000000e+04
3.810500000000000000e+04
3.809100000000000000e+04
3.809100000000000000e+04
3.812400000000000000e+04
3.811800000000000000e+04
3.809800000000000000e+04
3.813400000000000000e+04
3.810300000000000000e+04
3.809800000000000000e+04
3.810400000000000000e+04
3.811800000000000000e+04
3.811100000000000000e+04
3.811600000000000000e+04
3.810700000000000000e+04
3.809700000000000000e+04
3.812300000000000000e+04
3.812800000000000000e+04
3.810900000000000000e+04
3.815300000000000000e+04
3.820300000000000000e+04
3.816900000000000000e+04
3.821700000000000000e+04
3.831000000000000000e+04
3.849200000000000000e+04
3.865600000000000000e+04
3.900700000000000000e+04
3.949200000000000000e+04
4.000000000000000000e+04
4.021100000000000000e+04
4.015000000000000000e+04
3.967100000000000000e+04
3.924400000000000000e+04
3.901100000000000000e+04
3.893100000000000000e+04
3.896600000000000000e+04
3.909400000000000000e+04
3.922400000000000000e+04
3.924200000000000000e+04
3.945700000000000000e+04
3.981200000000000000e+04
3.992000000000000000e+04
3.939600000000000000e+04
3.918700000000000000e+04
3.903700000000000000e+04
3.902100000000000000e+04
3.907800000000000000e+04
3.918000000000000000e+04
3.928200000000000000e+04
3.925300000000000000e+04
3.914100000000000000e+04
3.915500000000000000e+04
3.927400000000000000e+04
3.936300000000000000e+04
3.944200000000000000e+04
3.943100000000000000e+04
3.946200000000000000e+04
3.939000000000000000e+04
3.940000000000000000e+04
3.930800000000000000e+04
3.924800000000000000e+04
3.936400000000000000e+04
3.944200000000000000e+04
3.944000000000000000e+04
3.962700000000000000e+04
3.961700000000000000e+04
3.967200000000000000e+04
3.974400000000000000e+04
4.010000000000000000e+04
4.019500000000000000e+04
4.028200000000000000e+04
4.052900000000000000e+04
4.072700000000000000e+04
4.051100000000000000e+04
3.961100000000000000e+04
3.941300000000000000e+04
3.942100000000000000e+04
3.952500000000000000e+04
3.955600000000000000e+04
3.949900000000000000e+04
3.936800000000000000e+04
3.927700000000000000e+04
3.922400000000000000e+04
3.902400000000000000e+04
3.893800000000000000e+04
3.894800000000000000e+04
3.896100000000000000e+04
3.908300000000000000e+04
3.917900000000000000e+04
3.918400000000000000e+04
3.927500000000000000e+04
3.931900000000000000e+04
3.935900000000000000e+04
3.938100000000000000e+04
3.942700000000000000e+04
3.968500000000000000e+04
3.948600000000000000e+04
3.933000000000000000e+04
3.933700000000000000e+04
3.938100000000000000e+04
3.941100000000000000e+04
3.932400000000000000e+04
3.935800000000000000e+04
3.938600000000000000e+04
3.934000000000000000e+04
3.943500000000000000e+04
3.940500000000000000e+04
3.950300000000000000e+04
4.016800000000000000e+04
4.005600000000000000e+04
3.975000000000000000e+04
3.952500000000000000e+04
3.933000000000000000e+04
3.926600000000000000e+04
3.931500000000000000e+04
3.946100000000000000e+04
4.010500000000000000e+04
4.047600000000000000e+04
4.181300000000000000e+04
4.785000000000000000e+04
4.923700000000000000e+04
4.955000000000000000e+04
4.958900000000000000e+04
4.961700000000000000e+04
4.963000000000000000e+04
4.962800000000000000e+04
4.961900000000000000e+04
4.963800000000000000e+04
4.961600000000000000e+04
4.960800000000000000e+04
4.960100000000000000e+04
4.960200000000000000e+04
4.966600000000000000e+04
4.961900000000000000e+04
4.961500000000000000e+04
4.961100000000000000e+04
4.965600000000000000e+04
4.961500000000000000e+04
4.961800000000000000e+04
4.961200000000000000e+04
4.961100000000000000e+04
4.961700000000000000e+04
4.961800000000000000e+04
4.958700000000000000e+04
4.960800000000000000e+04
4.964100000000000000e+04
4.967100000000000000e+04
4.959600000000000000e+04
4.959600000000000000e+04
4.959000000000000000e+04
4.961700000000000000e+04
4.961900000000000000e+04
4.964300000000000000e+04
4.962800000000000000e+04
4.962700000000000000e+04
4.963400000000000000e+04
4.962300000000000000e+04
4.964100000000000000e+04
4.960500000000000000e+04
4.962300000000000000e+04
4.960200000000000000e+04
4.959900000000000000e+04
4.963800000000000000e+04
4.964300000000000000e+04
4.962800000000000000e+04
4.967800000000000000e+04
4.965600000000000000e+04
4.963800000000000000e+04
4.963500000000000000e+04
4.963200000000000000e+04
4.970100000000000000e+04
4.963200000000000000e+04
4.959500000000000000e+04
4.962900000000000000e+04
4.963500000000000000e+04
4.965100000000000000e+04
4.960400000000000000e+04
4.961700000000000000e+04
4.963700000000000000e+04
4.963000000000000000e+04
4.963300000000000000e+04
4.962400000000000000e+04
4.964200000000000000e+04
4.966500000000000000e+04
4.961900000000000000e+04
4.964900000000000000e+04
4.960500000000000000e+04
4.961800000000000000e+04
4.963300000000000000e+04
4.960700000000000000e+04
4.963600000000000000e+04
4.964800000000000000e+04
4.959800000000000000e+04
4.963600000000000000e+04
4.964900000000000000e+04
4.964400000000000000e+04
4.962100000000000000e+04
4.963800000000000000e+04
4.964500000000000000e+04
4.960200000000000000e+04
4.962300000000000000e+04
4.960800000000000000e+04
4.963400000000000000e+04
4.963700000000000000e+04
4.965000000000000000e+04
4.964300000000000000e+04
4.964500000000000000e+04
4.964900000000000000e+04
4.966100000000000000e+04
4.964600000000000000e+04
4.960400000000000000e+04
4.962900000000000000e+04
4.962800000000000000e+04
4.961100000000000000e+04
4.965800000000000000e+04
4.964900000000000000e+04
4.963800000000000000e+04
4.960900000000000000e+04
4.965300000000000000e+04
4.962800000000000000e+04
4.962800000000000000e+04
4.961700000000000000e+04
4.959200000000000000e+04
4.964200000000000000e+04
4.964500000000000000e+04
4.963900000000000000e+04
4.964500000000000000e+04
4.961200000000000000e+04
4.968500000000000000e+04
4.961400000000000000e+04
4.961600000000000000e+04
4.962500000000000000e+04
4.961600000000000000e+04
4.968600000000000000e+04
4.965600000000000000e+04
4.961000000000000000e+04
4.962600000000000000e+04
4.963900000000000000e+04
4.963300000000000000e+04
4.961400000000000000e+04
4.961200000000000000e+04
4.963400000000000000e+04
4.966500000000000000e+04
4.963200000000000000e+04
4.960000000000000000e+04
4.962100000000000000e+04
4.963600000000000000e+04
4.962900000000000000e+04
4.962500000000000000e+04
4.961900000000000000e+04
4.960800000000000000e+04
4.962200000000000000e+04
4.964800000000000000e+04
4.965200000000000000e+04
4.961900000000000000e+04
4.966200000000000000e+04
4.962100000000000000e+04
4.962800000000000000e+04
4.962500000000000000e+04
4.963300000000000000e+04
4.963300000000000000e+04
4.962200000000000000e+04
4.965100000000000000e+04
4.961700000000000000e+04
4.963000000000000000e+04
4.962300000000000000e+04
4.965700000000000000e+04
4.966400000000000000e+04
4.962200000000000000e+04
4.963200000000000000e+04
4.965100000000000000e+04
4.960000000000000000e+04
4.963900000000000000e+04
4.963400000000000000e+04
4.964200000000000000e+04
4.961400000000000000e+04
4.962600000000000000e+04
4.961600000000000000e+04
4.960800000000000000e+04
4.960300000000000000e+04
4.961800000000000000e+04
4.964000000000000000e+04
4.965700000000000000e+04
4.962900000000000000e+04
4.961900000000000000e+04
4.962200000000000000e+04
4.966000000000000000e+04
4.963500000000000000e+04
4.964500000000000000e+04
4.960500000000000000e+04
4.962900000000000000e+04
4.963500000000000000e+04
4.958600000000000000e+04
4.825100000000000000e+04
4.220800000000000000e+04
3.830100000000000000e+04
3.821500000000000000e+04
3.814800000000000000e+04
3.814000000000000000e+04
3.813500000000000000e+04
3.813800000000000000e+04
3.815000000000000000e+04
3.807000000000000000e+04
3.810700000000000000e+04
3.809700000000000000e+04
3.810400000000000000e+04
3.810700000000000000e+04
3.811900000000000000e+04
3.805000000000000000e+04
3.810100000000000000e+04
3.810700000000000000e+04
3.806400000000000000e+04
3.805900000000000000e+04
3.810700000000000000e+04
3.808100000000000000e+04
3.808700000000000000e+04
3.808800000000000000e+04
3.810300000000000000e+04
3.809200000000000000e+04
3.811200000000000000e+04
3.810300000000000000e+04
3.809400000000000000e+04
3.809100000000000000e+04
3.810500000000000000e+04
3.812100000000000000e+04
3.811400000000000000e+04
3.809200000000000000e+04
3.811200000000000000e+04
3.806800000000000000e+04
3.807200000000000000e+04
3.809300000000000000e+04
3.810100000000000000e+04
3.810900000000000000e+04
3.806900000000000000e+04
3.810500000000000000e+04
