44470
44465
44476
44473
44473
44469
44469
44468
44468
44473
44468
44467
44470
44461
44472
44459
44466
44467
44467
44468
44472
44469
44459
44450
44449
44459
44461
44449
44448
44444
44448
44450
44443
44451
44440
44436
44437
44435
44444
44439
44441
44438
44426
44427
44421
44430
44424
44427
44423
44423
44415
44426
44421
44417
44430
44420
44425
44419
44420
44414
44423
44427
44425
44432
44432
44434
44418
44427
44434
44433
44434
44433
44435
44436
44437
44450
44450
44454
44451
44451
44448
44444
44453
44452
44449
44456
44449
44451
44459
44456
44469
44462
44468
44453
44464
44460
44464
44463
44466
44455
44464
44459
44462
44464
44470
44467
44468
44467
44462
44463
44462
44464
44463
44465
44470
44466
44459
44465
44468
44462
44477
44471
44461
44469
44468
44474
44467
44472
44459
44460
44459
44467
44465
44470
44469
44468
44461
44471
44467
44470
44469
44478
44475
44469
44462
44461
44463
44477
44473
44477
44479
44476
44473
44483
44475
44465
44473
44470
44469
44473
44477
44475
44477
44472
44475
44477
44469
44478
44470
44474
44475
44477
44478
44481
44476
44473
44473
44483
44475
44475
44476
44483
44470
44479
44475
44479
44473
44467
44482
44479
44476
44480
44485
44476
44472
44478
44479
44468
44474
44480
44470
44477
44479
44473
44486
44485
44486
44478
44488
44491
44479
44481
44489
44498
44486
44497
44491
44495
44496
44504
44494
44500
44501
44501
44504
44500
44501
44509
44503
44508
44505
44508
44505
44521
44521
44517
44523
44518
44526
44523
44527
44527
44530
44527
44532
44531
44522
44529
44528
44537
44526
44544
44532
44543
44541
44544
44544
44537
44545
44547
44535
44541
44533
44542
44543
44545
44550
44549
44552
44558
44562
44560
44559
44563
44557
44558
44569
44561
44568
44553
44562
44556
44561
44564
44563
44572
44575
44569
44576
44571
44584
44578
44578
44575
44581
44588
44577
44579
44582
44580
44587
44580
44590
44580
44588
44584
44576
44588
44581
44591
44591
44590
44582
44583
44591
44593
44588
44586
44586
44588
44586
44584
44589
44578
44579
44589
44583
44588
44581
44576
44587
44582
44593
44590
44597
44595
44594
44586
44593
44580
44589
44597
44594
44599
44605
44602
44595
44601
44601
44593
44598
44592
44598
44595
44605
44604
44598
44594
44594
44599
44599
44590
44603
44590
44587
44600
44592
44602
44604
44601
44607
44598
44602
44595
44593
44600
44593
44584
44591
44589
44594
44578
44588
44590
44586
44587
44587
44584
44595
44589
44589
44593
44597
44592
44596
44601
44592
44594
44600
44597
44597
44607
44601
44588
44597
44597
44595
44598
44593
44598
44600
44603
44598
44597
44602
44605
44606
44609
44607
44604
44605
44601
44596
44605
44604
44605
44599
44608
44603
44605
44609
44607
44612
44611
44606
44611
44616
44610
44609
44614
44610
44612
44614
44619
44621
44625
44617
44625
44631
44627
44623
44626
44627
44622
44622
44622
44628
44625
44629
44635
44635
44633
44629
44636
44633
44630
44631
44627
44630
44630
44627
44632
44631
44623
44629
44626
44625
44616
44622
44618
44612
44628
44611
44612
44608
44611
44606
44604
44609
44607
44602
44599
44606
44605
44599
44600
44614
44599
44604
44606
44612
44604
44610
44607
44618
44619
44627
44627
44621
44628
44631
44629
44637
44634
44638
44645
44651
44656
44657
44663
44669
44672
44676
44680
44684
44686
44687
44693
44694
44701
44700
44706
44716
44709
44712
44714
44716
44723
44725
44730
44731
44729
44731
44725
44734
44736
44734
44732
44735
44733
44736
44745
44736
44739
44739
44740
44738
44731
44742
44735
44732
44741
44734
44736
44735
44738
44740
44733
44729
44737
44728
44733
44736
44736
44723
44719
44723
44729
44720
44712
44713
44712
44718
44710
44709
44710
44703
44705
44700
44703
44714
44701
44709
44707
44715
44709
44717
44725
44714
44724
44729
44725
44729
44727
44732
44739
44737
44742
44740
44757
44755
44746
44755
44754
44762
44762
44771
44767
44769
44766
44768
44761
44767
44759
44762
44762
44766
44760
44763
44756
44762
44755
44760
44758
44749
44760
44755
44765
44753
44759
44742
44744
44753
44736
44742
44746
44744
44738
44731
44733
44734
44736
44734
44740
44731
44729
44723
44719
44725
44721
44731
44722
44730
44728
44726
44737
44721
44724
44734
44731
44725
44728
44730
44715
44727
44730
44725
44724
44740
44731
44729
44721
44735
44731
44727
44739
44737
44733
44734
44734
44738
44736
44734
44737
44737
44733
44737
44733
44737
44732
44741
44740
44734
44738
44738
44732
44741
44735
44740
44739
44723
44728
44714
44715
44718
44710
44708
44712
44713
44699
44708
44699
44689
44693
44691
44686
44679
44681
44679
44675
44668
44662
44658
44656
44655
44645
44644
44648
44635
44639
44633
44629
44632
44623
44621
44619
44613
44626
44612
44620
44608
44610
44609
44608
44598
44613
44611
44611
44602
44612
44609
44610
44605
44610
44612
44615
44607
44615
44614
44612
44608
44609
44601
44608
44599
44603
44610
44597
44601
44605
44600
44592
44597
44601
44596
44596
44592
44599
44597
44600
44595
44595
44590
44589
44592
44584
44599
44589
44587
44586
44585
44590
44586
44585
44584
44574
44578
44569
44571
44579
44574
