26001
25995
26003
26005
26000
25996
25996
26003
25998
26009
26010
26003
25997
26001
26001
26002
26004
26009
26007
26005
26017
26012
26004
26012
26007
26003
25999
25999
26007
26013
26008
26012
26012
26007
26014
26003
26004
26007
26004
26013
26016
26014
26011
26000
26005
26008
26005
26012
25995
26000
26007
26009
26014
26013
26012
26007
26015
26010
26016
26018
26007
26017
26013
26014
26013
26017
26022
26024
26009
26020
26007
26018
26018
26013
26031
26015
26027
26021
26031
26020
26025
26035
26033
26039
26038
26033
26037
26042
26057
26036
26043
26064
26054
26068
26070
26056
26066
26081
26091
26080
26086
26097
26089
26096
26102
26108
26100
26104
26120
26121
26123
26125
26128
26126
26115
26145
26139
26138
26151
26137
26146
26151
26135
26157
26150
26150
26158
26146
26152
26164
26173
26158
26169
26161
26158
26170
26164
26149
26160
26166
26170
26165
26167
26161
26153
26156
26165
26157
26147
26145
26168
26144
26160
26143
26167
26156
26157
26153
26160
26161
26170
26159
26146
26168
26154
26161
26167
26169
26168
26162
26178
26180
26183
26189
26181
26182
26194
26201
26201
26207
26201
26213
26221
26223
26223
26232
26235
26238
26254
26236
26265
26271
26274
26262
26279
26286
26300
26282
26307
26307
26316
26321
26318
26332
26340
26348
26347
26358
26356
26373
26378
26378
26388
26385
26389
26402
26403
26406
26410
26417
26425
26427
26444
26450
26447
26436
26445
26458
26451
26445
26436
26440
26450
26455
26436
26450
26455
26435
26457
26441
26452
26452
26458
26448
26472
26476
26461
26470
26491
26501
26496
26505
26515
26509
26545
26539
26538
26560
26569
26583
26598
26588
26603
26608
26618
26624
26639
26628
26630
26654
26661
26667
26672
26664
26674
26682
26658
26673
26665
26676
26682
26669
26674
26657
26660
26656
26666
26652
26668
26643
26644
26639
26637
26610
26621
26618
26628
26615
26621
26606
26596
26579
26591
26566
26576
26561
26559
26561
26556
26551
26555
26550
26536
26536
26544
26534
26535
26527
26529
26530
26526
26500
26504
26521
26512
26511
26506
26511
26500
26493
26485
26490
26493
26501
26488
26494
26475
26484
26488
26499
26489
26483
26482
26492
26485
26483
26483
26494
26475
26505
26495
26502
26508
26506
26488
26513
26503
26507
26507
26502
26512
26514
26514
26505
26511
26508
26497
26510
26508
26510
26504
26508
26509
26513
26511
26501
26498
26499
26501
26489
26500
26490
26478
26460
26467
26458
26463
26429
26446
26439
26440
26421
26419
26407
26412
26380
26387
26365
26389
26376
26369
26364
26360
26354
26349
26353
26366
26349
26352
26339
26357
26349
26366
26365
26373
26366
26368
26350
26359
26372
26376
26367
26377
26367
26368
26364
26367
26368
26359
26359
26368
26355
26352
26353
26346
26347
26341
26339
26322
26332
26320
26330
26326
26318
26299
26318
26319
26293
26303
26284
26286
26288
26266
26274
26267
26273
26258
26244
26261
26252
26236
26241
26224
26218
26225
26216
26203
26214
26199
26199
26201
26185
26192
26184
26180
26171
26161
26178
26170
26165
26168
26157
26151
26144
26149
26148
26152
26141
26143
26122
26127
26132
26129
26126
26123
26118
26109
26111
26114
26096
26098
26096
26096
26102
26094
26089
26081
26092
26081
26085
26080
26088
26085
26080
26084
26058
26079
26078
26061
26055
26055
26071
26065
26060
26055
26044
26047
26057
26050
26047
26056
26047
26047
26046
26034
26050
26035
26019
26037
26028
26034
26027
26029
26019
26023
26010
26016
26018
26012
26010
26011
26001
25992
25984
26000
25995
25996
25987
25982
25973
25980
25984
25972
25981
25976
25970
25967
25971
25967
25963
25953
25957
25969
25963
25960
25964
25957
25948
25954
25947
25959
25949
25944
25942
25954
25940
25948
25952
25941
25947
25947
25942
25948
25943
25941
25943
25942
25928
25945
25935
25938
25939
25931
25949
25932
25943
25927
25925
25934
25927
25936
25933
25926
25927
25918
25930
25927
25907
25926
25923
25922
25918
25913
25919
25917
25920
25925
25908
25926
25925
25925
25917
25920
25928
25927
25923
25930
25912
25926
25925
25929
25927
25930
25931
25938
25914
25938
25935
25933
25930
25943
25950
25936
25941
25943
25927
25929
25935
25949
25953
25933
25951
25939
25956
25950
25945
25953
25943
25960
25953
25946
25951
25953
25954
25953
25943
25960
25959
25961
25958
25959
25962
25949
25962
25961
25962
25952
25942
25962
25951
25957
25945
25961
25950
25960
25956
25943
25962
25961
25962
25938
25969
25959
25963
25957
25951
25964
25952
25946
25958
25961
25966
25958
25956
25974
25957
25966
25965
25960
25966
25958
25964
25962
25960
25966
25966
25951
25972
25953
25963
25966
25959
25961
25969
25966
25958
25971
25962
25967
25969
25963
25961
25967
25960
25955
25954
25954
25956
25956
25962
25956
25960
25963
25953
25949
25957
25955
25963
25963
25943
25956
25959
25944
25959
25958
25945
25956
25948
25964
25965
25958
25955
25939
25956
25950
25949
25958
25946
25949
25944
25943
25958
25968
25968
25971
25954
25972
25960
25954
25973
25957
25957
25956
25969
25955
25966
25941
25971
25959
25969
25974
25967
25958
25975
25974
25974
25968
25969
25971
25970
25968
