%time,field.finger1,field.finger2,field.finger3
1503852809622673108,19056.0,14047.0,14047.0
1503852809656826167,19068.0,14054.0,14054.0
1503852809689860780,19069.0,14047.0,14047.0
1503852809723287953,19055.0,14046.0,14046.0
1503852809757055090,19057.0,14050.0,14050.0
1503852809790109924,19057.0,14046.0,14046.0
1503852809823388797,19059.0,14052.0,14052.0
1503852809856215448,19067.0,14048.0,14048.0
1503852809890540957,19043.0,14046.0,14046.0
1503852809923799458,19051.0,14051.0,14051.0
1503852809956221531,19037.0,14051.0,14051.0
1503852809990351550,19068.0,14051.0,14051.0
1503852810023663009,19040.0,14052.0,14052.0
1503852810057320911,19039.0,14048.0,14048.0
1503852810091020217,19046.0,14044.0,14044.0
1503852810123674387,19059.0,14059.0,14059.0
1503852810156665968,19055.0,14046.0,14046.0
1503852810189992710,19049.0,14056.0,14056.0
1503852810223204743,19077.0,14049.0,14049.0
1503852810256513497,19064.0,14051.0,14051.0
1503852810290502918,19049.0,14048.0,14048.0
1503852810323367755,19065.0,14048.0,14048.0
1503852810356190243,19050.0,14045.0,14045.0
1503852810390506247,19046.0,14053.0,14053.0
1503852810423303705,19065.0,14056.0,14056.0
1503852810456099704,19045.0,14050.0,14050.0
1503852810490245235,19064.0,14050.0,14050.0
1503852810524542544,19040.0,14051.0,14051.0
1503852810557457641,19046.0,14055.0,14055.0
1503852810591342684,19047.0,14051.0,14051.0
1503852810623520673,19044.0,14054.0,14054.0
1503852810657313291,19039.0,14050.0,14050.0
1503852810689811917,19037.0,14050.0,14050.0
1503852810723295487,19039.0,14050.0,14050.0
1503852810757293993,19052.0,14058.0,14058.0
1503852810790222020,19051.0,14048.0,14048.0
1503852810824617454,19054.0,14046.0,14046.0
1503852810856100365,19039.0,14051.0,14051.0
1503852810890516046,19067.0,14042.0,14042.0
1503852810924181002,19044.0,14051.0,14051.0
1503852810956609002,19064.0,14054.0,14054.0
1503852810989835869,19055.0,14047.0,14047.0
1503852811023616835,19055.0,14049.0,14049.0
1503852811056604199,19041.0,14048.0,14048.0
1503852811090687253,19061.0,14051.0,14051.0
1503852811124490987,19045.0,14049.0,14049.0
1503852811156446303,19049.0,14050.0,14050.0
1503852811191027983,19049.0,14051.0,14051.0
1503852811224550573,19048.0,14051.0,14051.0
1503852811256048154,19062.0,14050.0,14050.0
1503852811290412683,19044.0,14053.0,14053.0
1503852811323843659,19041.0,14086.0,14086.0
1503852811356620278,19046.0,14050.0,14050.0
1503852811390671057,19060.0,14053.0,14053.0
1503852811423596074,19070.0,14042.0,14042.0
1503852811456247639,19039.0,14050.0,14050.0
1503852811490523091,19054.0,14050.0,14050.0
1503852811522994171,19060.0,14050.0,14050.0
1503852811556693462,19057.0,14050.0,14050.0
1503852811590406686,19050.0,14044.0,14044.0
1503852811623297370,19060.0,14053.0,14053.0
1503852811656444533,19054.0,14054.0,14054.0
1503852811691091081,19045.0,14054.0,14054.0
1503852811722823594,19062.0,14048.0,14048.0
1503852811757116903,19057.0,14049.0,14049.0
1503852811790499812,19046.0,14054.0,14054.0
1503852811824237166,19040.0,14048.0,14048.0
1503852811856252170,19061.0,14053.0,14053.0
1503852811890728474,19058.0,14045.0,14045.0
1503852811923678227,19044.0,14055.0,14055.0
1503852811957160605,19079.0,14054.0,14054.0
1503852811990914572,19070.0,14049.0,14049.0
1503852812022969407,19047.0,14041.0,14041.0
1503852812056994007,19070.0,14044.0,14044.0
1503852812090584183,19052.0,14048.0,14048.0
1503852812122963659,19043.0,14051.0,14051.0
1503852812156247104,19058.0,14044.0,14044.0
1503852812190088439,19068.0,14050.0,14050.0
1503852812223590899,19058.0,14047.0,14047.0
1503852812256800366,19071.0,14052.0,14052.0
1503852812290072079,19054.0,14055.0,14055.0
1503852812324000671,19056.0,14052.0,14052.0
1503852812356918826,19043.0,14050.0,14050.0
1503852812391125420,19059.0,14055.0,14055.0
1503852812424141460,19043.0,14059.0,14059.0
1503852812456343401,19046.0,14048.0,14048.0
1503852812490371097,19056.0,14046.0,14046.0
1503852812522873561,19049.0,14049.0,14049.0
1503852812556619887,19063.0,14045.0,14045.0
1503852812590275198,19060.0,14049.0,14049.0
1503852812623298887,19073.0,14052.0,14052.0
1503852812657010724,19050.0,14046.0,14046.0
1503852812690063627,19066.0,14056.0,14056.0
1503852812723720768,19047.0,14052.0,14052.0
1503852812757180643,19055.0,14050.0,14050.0
1503852812790312765,19049.0,14052.0,14052.0
1503852812823298958,19039.0,14050.0,14050.0
1503852812856243175,19046.0,14053.0,14053.0
1503852812890030782,19050.0,14049.0,14049.0
1503852812924050269,19055.0,14052.0,14052.0
1503852812957395018,19045.0,14054.0,14054.0
1503852812990869683,19057.0,14047.0,14047.0
1503852813023676776,19045.0,14053.0,14053.0
1503852813056657849,19046.0,14059.0,14059.0
1503852813092114333,19047.0,14045.0,14045.0
1503852813123413980,19054.0,14055.0,14055.0
1503852813155732309,19049.0,14047.0,14047.0
1503852813188925586,19048.0,14054.0,14054.0
1503852813222332552,19050.0,14053.0,14053.0
1503852813255650941,19042.0,14048.0,14048.0
1503852813289320393,19048.0,14041.0,14041.0
1503852813322702037,19045.0,14054.0,14054.0
1503852813356831082,19044.0,14047.0,14047.0
1503852813389957692,19055.0,14044.0,14044.0
1503852813422776140,19054.0,14050.0,14050.0
1503852813455781694,19052.0,14049.0,14049.0
1503852813489875934,19055.0,14053.0,14053.0
1503852813523556463,19049.0,14057.0,14057.0
1503852813555654460,19040.0,14049.0,14049.0
1503852813589671871,19066.0,14049.0,14049.0
1503852813624460246,19049.0,14050.0,14050.0
1503852813657048309,19040.0,14051.0,14051.0
1503852813690305473,19058.0,14051.0,14051.0
1503852813724053425,19040.0,14055.0,14055.0
1503852813756523980,19046.0,14044.0,14044.0
1503852813790095960,19046.0,14056.0,14056.0
1503852813824410647,19052.0,14044.0,14044.0
1503852813856712921,19052.0,14048.0,14048.0
1503852813890621857,19043.0,14055.0,14055.0
1503852813922880202,19041.0,14044.0,14044.0
1503852813956499386,19042.0,14046.0,14046.0
1503852813990261657,19043.0,14054.0,14054.0
1503852814023388113,19048.0,14048.0,14048.0
1503852814056945463,19051.0,14042.0,14042.0
1503852814092001470,19042.0,14050.0,14050.0
1503852814124190385,19055.0,14045.0,14045.0
1503852814157186743,19050.0,14079.0,14079.0
1503852814189766659,19067.0,14060.0,14060.0
1503852814223747726,19053.0,14049.0,14049.0
1503852814256640903,19057.0,14058.0,14058.0
1503852814290736486,19058.0,14048.0,14048.0
1503852814323745971,19044.0,14049.0,14049.0
1503852814356964466,19058.0,14051.0,14051.0
1503852814390435985,19054.0,14046.0,14046.0
1503852814424503278,19060.0,14053.0,14053.0
1503852814456901856,19063.0,14052.0,14052.0
1503852814490262252,19052.0,14041.0,14041.0
1503852814523661676,19042.0,14043.0,14043.0
1503852814556085182,19041.0,14049.0,14049.0
1503852814590915665,19053.0,14047.0,14047.0
1503852814623027750,19048.0,14051.0,14051.0
1503852814656064814,19056.0,14047.0,14047.0
1503852814689870674,19056.0,14053.0,14053.0
1503852814723692209,19058.0,14050.0,14050.0
1503852814756238911,19060.0,14053.0,14053.0
1503852814790328533,19043.0,14052.0,14052.0
1503852814824190475,19064.0,14043.0,14043.0
1503852814858570598,19052.0,14047.0,14047.0
1503852814890310500,19067.0,14047.0,14047.0
1503852814922947308,19062.0,14045.0,14045.0
1503852814956403717,19065.0,14047.0,14047.0
1503852814991624777,19053.0,14064.0,14064.0
1503852815022961527,19046.0,14048.0,14048.0
1503852815056561402,19053.0,14047.0,14047.0
1503852815090908819,19052.0,14051.0,14051.0
1503852815124314331,19066.0,14052.0,14052.0
1503852815157560893,19043.0,14054.0,14054.0
1503852815189883546,19047.0,14055.0,14055.0
1503852815224242380,19057.0,14050.0,14050.0
1503852815256561796,19048.0,14057.0,14057.0
1503852815290327616,19054.0,14057.0,14057.0
1503852815324912034,19053.0,14041.0,14041.0
1503852815356107575,19047.0,14045.0,14045.0
1503852815390134907,19053.0,14073.0,14073.0
1503852815423336158,19053.0,14054.0,14054.0
1503852815456657406,19059.0,14049.0,14049.0
1503852815490284503,19054.0,14047.0,14047.0
1503852815523707527,19069.0,14047.0,14047.0
1503852815556673123,19061.0,14048.0,14048.0
1503852815590284791,19051.0,14052.0,14052.0
1503852815623100410,19045.0,14052.0,14052.0
1503852815656511781,19049.0,14050.0,14050.0
1503852815691154745,19043.0,14051.0,14051.0
1503852815724622044,19061.0,14053.0,14053.0
1503852815756225702,19049.0,14044.0,14044.0
1503852815790563201,19043.0,14053.0,14053.0
1503852815824474187,19049.0,14049.0,14049.0
1503852815856102101,19057.0,14051.0,14051.0
1503852815890261527,19060.0,14053.0,14053.0
1503852815923881347,19058.0,14054.0,14054.0
1503852815956591929,19059.0,14056.0,14056.0
1503852815989569763,19063.0,14053.0,14053.0
1503852816024023450,19047.0,14052.0,14052.0
1503852816056885731,19056.0,14050.0,14050.0
1503852816090551499,19070.0,14054.0,14054.0
1503852816124638813,19045.0,14054.0,14054.0
1503852816157155524,19048.0,14064.0,14064.0
1503852816190919051,19052.0,14051.0,14051.0
1503852816224309979,19073.0,14064.0,14064.0
1503852816257612102,19074.0,14050.0,14050.0
1503852816290524004,19062.0,14048.0,14048.0
1503852816322795314,19052.0,14050.0,14050.0
1503852816356485147,19073.0,14050.0,14050.0
1503852816390105411,19061.0,14051.0,14051.0
1503852816423284596,19058.0,14048.0,14048.0
1503852816456464262,19062.0,14056.0,14056.0
1503852816490435988,19053.0,14043.0,14043.0
1503852816524414457,19062.0,14051.0,14051.0
1503852816557574598,19048.0,14055.0,14055.0
1503852816591126773,19054.0,14046.0,14046.0
1503852816623363060,19044.0,14042.0,14042.0
1503852816656362388,19051.0,14051.0,14051.0
1503852816690467522,19062.0,14048.0,14048.0
1503852816724935593,19036.0,14052.0,14052.0
1503852816756778725,19042.0,14051.0,14051.0
1503852816790593149,19066.0,14051.0,14051.0
1503852816825487178,19054.0,14059.0,14059.0
1503852816856572840,19066.0,14055.0,14055.0
1503852816890294908,19064.0,14056.0,14056.0
1503852816923726667,19049.0,14052.0,14052.0
1503852816956106676,19056.0,14052.0,14052.0
1503852816990239682,19064.0,14075.0,14075.0
1503852817023241456,19045.0,14045.0,14045.0
1503852817056287243,19073.0,14074.0,14074.0
1503852817090244206,19049.0,14072.0,14072.0
1503852817123597445,19048.0,14077.0,14077.0
1503852817156301215,19051.0,14067.0,14067.0
1503852817189995811,19043.0,14070.0,14070.0
1503852817223002761,19036.0,14066.0,14066.0
1503852817256531070,19046.0,14070.0,14070.0
1503852817290375670,19066.0,14074.0,14074.0
1503852817323827582,19044.0,14049.0,14049.0
1503852817356470719,19064.0,14077.0,14077.0
1503852817389994071,19061.0,14074.0,14074.0
1503852817423448079,19051.0,14072.0,14072.0
1503852817456934921,19060.0,14043.0,14043.0
1503852817491005427,19047.0,14070.0,14070.0
1503852817523310681,19045.0,14067.0,14067.0
1503852817556644871,19050.0,14050.0,14050.0
1503852817590775852,19058.0,14052.0,14052.0
1503852817623897668,19064.0,14048.0,14048.0
1503852817656614802,19056.0,14049.0,14049.0
1503852817691007945,19048.0,14046.0,14046.0
1503852817723816348,19071.0,14055.0,14055.0
1503852817756168967,19066.0,14055.0,14055.0
1503852817789950786,19038.0,14050.0,14050.0
1503852817824080223,19073.0,14049.0,14049.0
1503852817856290769,19049.0,14048.0,14048.0
1503852817890160096,19040.0,14042.0,14042.0
1503852817924683402,19054.0,14043.0,14043.0
1503852817956897859,19066.0,14048.0,14048.0
1503852817990337539,19054.0,14051.0,14051.0
1503852818024537857,19058.0,14044.0,14044.0
1503852818056180271,19060.0,14042.0,14042.0
1503852818089911398,19058.0,14055.0,14055.0
1503852818123876862,19063.0,14053.0,14053.0
1503852818156614873,19057.0,14047.0,14047.0
1503852818190049470,19042.0,14049.0,14049.0
1503852818222920435,19045.0,14051.0,14051.0
1503852818256603058,19068.0,14043.0,14043.0
1503852818290109800,19047.0,14040.0,14040.0
1503852818324354502,19064.0,14045.0,14045.0
1503852818356653154,19060.0,14064.0,14064.0
1503852818390646177,19040.0,14044.0,14044.0
1503852818425038428,19056.0,14051.0,14051.0
1503852818457006869,19040.0,14050.0,14050.0
1503852818490153316,19059.0,14042.0,14042.0
1503852818523957189,19053.0,14051.0,14051.0
1503852818556749986,19053.0,14056.0,14056.0
1503852818590723036,19053.0,14046.0,14046.0
1503852818624229597,19045.0,14068.0,14068.0
1503852818656466079,19062.0,14052.0,14052.0
1503852818690278361,19044.0,14057.0,14057.0
1503852818723989170,19041.0,14057.0,14057.0
1503852818757351399,19047.0,14055.0,14055.0
1503852818790129639,19045.0,14054.0,14054.0
1503852818822952478,19052.0,14045.0,14045.0
1503852818856633936,19040.0,14057.0,14057.0
1503852818890706171,19045.0,14048.0,14048.0
1503852818923987621,19047.0,14048.0,14048.0
1503852818956640183,19045.0,14049.0,14049.0
1503852818990202501,19049.0,14058.0,14058.0
1503852819022917632,19046.0,14053.0,14053.0
1503852819056628117,19051.0,14049.0,14049.0
1503852819090878797,19047.0,14049.0,14049.0
1503852819123427120,19051.0,14049.0,14049.0
1503852819157445970,19039.0,14042.0,14042.0
1503852819190502932,19050.0,14050.0,14050.0
1503852819223206827,19040.0,14059.0,14059.0
1503852819256598445,19052.0,14052.0,14052.0
1503852819291179014,19043.0,14050.0,14050.0
1503852819323750097,19055.0,14048.0,14048.0
