1.469782429111775457e+02
2.009037135496124193e+01
-8.135757906257758520e+00
6.448594236855434758e+00
-3.130578949286384471e-01
5.058748923286753296e-01
-1.531241640114054725e+00
-2.583377785824266226e+01
2.755236314031419909e+01
-2.027837055971816937e+01
1.947553871970998429e+01
2.433484758014026994e+01
1.623614738482816833e+01
4.120233418386391122e+00
3.223762349696975171e+00
-8.150099315084691654e+00
-6.444684785615692135e+00
7.017451483665162471e+00
-1.370372229431327149e+01
-8.682066950952112450e+00
4.046849256290556696e+01
-3.792242449599208953e+01
2.665674898195053899e+01
-3.803696111837473470e+00
-2.281091381891239678e+01
3.280449180004382015e+01
-1.547189756996850818e+01
2.948916379237243035e-02
-1.392332785727850464e+01
1.864382771635035141e+01
9.868742284270588527e+00
-2.856979772867506995e+01
-1.636923605487634248e+01
1.547268315648498316e+01
1.905192144606049709e+01
-5.589826844259183858e+00
9.107169008846199176e+00
3.380483114303828529e+00
4.231941025878567686e+00
-8.634129156809446926e+00
-1.625844556360649662e+01
2.583336562396809200e+00
1.348972608065297685e+01
-6.074945453808258122e-01
-9.817640812614854440e+00
-8.242449251169752245e-01
-2.604468605409994808e+00
2.106238973059352304e+01
-6.042358466099401859e+00
7.030095097618532130e+00
-2.401758761317094226e+01
2.142088162188105116e+01
4.798883388905775149e+00
-2.202485373384127598e+01
-7.912142775309046527e+00
3.120985201049236224e+01
-5.061715358800711329e-02
2.576974956973379527e+00
-1.981867831501807231e+00
-7.282266568039000632e+00
-3.478163435901807077e+01
1.386262396283952114e+01
1.796989703145209916e+01
-2.676806928526677609e+01
9.988755326629540576e+00
5.471040612553355942e+00
2.028474656566942613e+01
-8.645362552195477335e+00
1.365256312797872695e+01
-1.865233684076849130e+01
-2.637182995097197846e+01
3.423972490138468316e+01
3.201881468530261543e+01
-3.921939258699762831e+01
2.893185998675780191e+00
-2.002189015493807034e+01
7.106483748625297636e+00
4.044895462460775093e+01
-2.451449704187541556e+01
-5.411817303151996050e+00
-1.717212609411897573e+00
-1.449393330492329568e+01
8.827346190335052967e+00
1.626451765350617862e+01
-7.740277069500940854e+00
-3.479602791888765978e+01
6.126474631672612858e+00
1.566392621233306315e+01
-3.045052926886835110e+01
2.895441528129287434e+01
-9.404333502673923206e+00
1.001871957381807299e+01
-5.873706649519555789e+00
2.147536291908196304e+01
-1.840649545332940562e+01
2.211293042991166047e+01
1.410346829325209583e+01
-2.651059451412336898e+00
4.323659027420391965e+01
1.683015857941478544e+01
3.972310715071582621e+01
3.322256318073083037e+01
3.456541475556859666e+01
5.833041968541326128e+01
6.784438831422860972e+01
2.946489184686017992e+01
4.682444036904716711e+01
1.591148504497558847e+01
-2.322276555682886823e+01
-1.877976446440995772e+01
5.407541422600763781e+01
3.161075006912808760e+01
5.308043427669157666e+01
6.045941701374695754e+01
6.069131088837093557e+01
9.886137029057263703e+01
1.150165935898653942e+02
2.062898033470736721e+02
2.225667209780978055e+02
4.180178080041295630e+02
5.891883084304079148e+02
6.461388714177454631e+02
6.845442474060429277e+02
6.511984050568938756e+02
9.163314668131511098e+01
3.968845212745566755e+02
1.366219572735960810e+03
-4.382251733427897307e+02
-9.783302156689751428e+01
7.634529592175184121e+01
1.251389732399543391e+02
1.386043847163521605e+03
3.425604909044860506e+03
7.457081829922953148e+03
9.846725323885213584e+03
2.182000195685924155e+03
8.749395225756899208e+00
-1.271061830342697760e+02
1.290595155958025657e+02
3.654578605290409143e+01
8.368481457565479786e+00
5.492858222496090548e+01
-5.551795752701911368e+01
-1.721611609407611354e+01
3.091746286971599034e+01
-2.893974130172751202e+01
-9.373783195327634132e+01
-7.050425047113098742e+01
-6.822696635926743625e+01
-2.122550471793930171e+01
-8.214971337559370568e+01
-1.495877394044676834e+01
1.057668069929310946e+02
3.890806199360969941e+01
-5.602142265796213394e+01
5.342076110074198425e+01
1.476256316957243371e+02
-3.733784041283992110e+02
-2.020320351479789451e+02
4.315934828423959857e+01
-1.662504310706053161e+02
-5.731165671183629229e+01
1.573315515152467015e+01
-8.614537202814790362e+01
1.534273227599940270e+01
3.315699961862531495e+02
9.388580646098318994e+00
-1.869088192537147677e+02
8.798594393022924010e+01
-3.423487914232296703e+00
-9.448309078495643121e+01
1.362732951682459088e+02
-3.027021908389122373e+01
7.300130170226214688e+00
-8.020104331631827677e-01
5.154610910892552056e+01
5.834834637073959129e+01
-2.653057322489916032e+02
-2.445341834484105163e+02
-4.181924501909983292e+02
-4.262284467473846234e+02
-4.677380387548232648e+02
-2.555372931656272044e+02
-3.055970607125274228e+02
-1.591605831083038538e+02
-1.380558111479691377e+02
-1.353297144374712389e+02
-9.553413215432026107e+01
-5.921501255266539943e+01
-1.836372699493379557e+01
-5.369555607132360819e+01
2.873962401783668241e+01
-6.665524135546885987e+01
-2.736466886608541316e+01
-5.294699579916212429e+01
-1.043104963755050107e+01
1.823786384775888791e+01
-3.604248448319700060e+01
-4.857828894422654997e+01
2.477473555181396137e+01
-3.171134994976011967e+01
-3.915934116372002194e+01
3.165075255713318825e-01
-1.958715240512045241e+01
8.151572198854136531e+00
-2.322392188516040790e+00
-3.978289535744191596e+01
-2.187875317434468414e+01
5.191517205025744630e+01
-5.303409209175969607e+01
-2.848374640457052820e+01
4.777706670817075008e+00
2.593580213199919271e+01
-2.279213380282946844e+00
-3.165905964188009847e+00
1.795046705265974296e+01
-6.596287800659735012e+01
1.546127956951623617e+01
5.643021615340806818e+00
3.473011901102465515e+01
1.759425821645076837e+01
-3.038986614175516365e+01
3.411345302707971427e+01
-1.206362409426271540e+02
5.757871622724559302e+01
2.501657504056711190e+01
2.347755539567279470e+01
-1.840753763196687487e+00
-3.770490672806494814e+01
6.035059432327134488e+00
1.308248770885062129e+01
2.473986271333899367e+00
-3.292789236263669750e+01
1.088120966279813331e+02
3.935271030387706759e+00
-5.454192122594365344e+01
-1.151259845437390439e+01
1.304674347668602508e+01
3.341565094488580456e+01
-1.029555978987099252e+01
4.833580329194141711e+00
1.768614790410430260e+01
-8.211313672052604318e+00
5.853324623644710556e+01
-4.864789360673832164e+00
9.680118684338179946e+01
1.752902862802913546e+02
3.226722959797901922e+02
-1.584978090798085759e+02
-1.550535160247377746e+02
-9.254398565923472120e+01
-2.241492459803383213e+02
-9.544091991984138303e+02
-2.307898425964972830e+03
-1.376767143347223509e+03
1.109315762469066016e+02
1.844184608537170078e+01
3.771090393896940185e+01
2.363503015578052100e+02
6.448490398709736837e+02
1.005277281556185017e+03
7.783447279129100025e+02
5.066522478680969357e+02
-1.098018178993854463e+03
-1.009720145957486125e+03
-1.086880804098538874e+03
-7.850349269865719180e+02
-2.907786931079870101e+02
6.984203299363891801e+02
8.538145846033192754e+01
5.580167312997610907e+01
-1.581174330112729365e+02
-4.003753356137799813e+01
-3.116959189667610275e+01
-9.638647349641769324e+01
-4.944324893102903218e+01
-2.063520261675613909e+01
2.771573494890021294e+01
1.066955158750208810e+01
-6.884679695551252365e+00
1.989645241210928361e+01
-9.173278320589695056e+00
3.426449802746016360e+01
-4.069595854390324519e+01
-1.365603721261022230e+01
2.226221959441186726e+01
-4.468313727021838133e+01
3.727426081712077632e+01
-3.905423353868312120e+01
3.487259057821097485e+01
-3.029789755041420563e+00
8.671908282471616047e+00
-2.860740975242550377e+01
-3.906179591329505740e+01
4.776518124655671471e+01
5.111073224615370947e+00
1.872629473570307468e+01
4.339268756116919690e+01
6.913878421266367695e+02
-8.395131938803895082e+02
4.220708171409441434e+01
7.249482333585163474e+01
3.734673465039188756e+01
1.422421529300574861e-01
-6.239681895588214644e+01
2.898188894853493025e+01
-5.793478176746484465e+00
1.297776421349631448e+02
-5.987000178647506488e+01
6.970750609517200047e-01
2.838612878250907556e+01
5.143195707118349702e+01
-8.697948294383696322e+00
9.009492357260066697e+00
1.523881556136288218e+01
-2.479104444604428537e+01
3.862328238939770841e+00
3.312701906817144959e+01
-1.133605667805970896e+01
1.305229152551616778e+01
-8.356938475413027589e+00
1.624019288485750323e+01
2.732745153932184934e+01
-7.392610365985355259e+00
5.959040129039829026e+01
2.388416937604183943e+00
-3.293058148728336221e+01
-1.805341860449696867e+01
7.678961841719431902e+01
8.802159105934401850e+01
4.313329337255424889e+00
2.746834788543530692e+01
6.068595103893181175e+01
1.015854297079083324e+01
1.039775848113695815e+02
3.111613642599864704e+01
7.111485007251175716e+01
1.074403533344320465e+02
9.311053427345109412e+01
1.385586704062168906e+02
1.425655012886066402e+02
1.597099544116240679e+02
1.896443891388705651e+02
2.024465187079669022e+02
1.450889709392981786e+02
1.757763647638905695e+02
1.091823345405604186e+02
6.892676098625830150e+01
3.259318557653968185e+01
3.712420143264656502e+01
3.314088927821356378e+01
-5.662776325911401898e+00
-4.298214995616000067e+01
3.423343769885662624e+01
8.811526116028169042e+00
-2.293017762200534548e+01
1.010936593108351644e+01
-5.870857972979599992e+00
-1.844991445625794313e-01
1.443416960540577776e+01
1.644071917780679826e+01
-3.661467516273577871e+01
1.427903142352626276e+00
3.654865595187644089e+00
-4.526559418648588462e+00
3.734602724713198540e-01
2.074588993965733152e+00
1.141088551213145763e+01
-3.264703898949331062e+01
1.908683765503440100e+01
-9.714434622360030858e+00
1.413467931770376396e+01
-1.038577560078013562e+01
-2.043919833494140903e+01
-2.797512373473523439e+01
-3.079051539634075851e+01
-1.999057194501013157e+00
2.108141555065853368e+01
-1.068317875281192642e+01
-4.313992245847295948e+01
2.339850370477076069e+01
-3.123888664490144862e+01
8.301114831789682569e+00
-7.294732101825104564e+02
-1.162028155456613604e+04
-7.876543842093146850e+03
-8.323490551303192433e+02
-2.969070176838371822e+02
-1.728117420957414652e+02
-6.370641181396506880e+01
-2.227272755796100796e+02
-2.235990024865793941e+02
-2.494120542593588539e+02
-1.965890962575066112e+02
-1.768791082703851316e+02
-1.195312523118061421e+02
-1.038047687418508076e+02
-1.084676754154717884e+02
-8.231284337702686571e+01
-8.974230479541432715e+01
-1.932308580253783958e+01
-5.527284453550668530e+01
-3.010124143353777981e+01
-9.459696215254815854e-01
-1.601683541666695021e+01
-1.906902211975707218e+01
7.136428833003112260e+00
-2.091996714278331382e+01
-2.799023250319608280e+01
1.356033923134623542e+01
-7.074226152866886252e+01
3.026676224905726542e+01
-3.205446919067750855e+01
-3.917012412026862478e+01
2.094469397837739422e+01
-2.667458252498774129e+01
-3.416848192133976170e+00
-1.138805046359095741e+00
7.699908604966742232e+00
-2.336586288779207266e+00
-3.256335756270998871e+01
1.599518865168480097e+01
-3.623036010191963641e+00
-4.652804046549175609e+01
4.082627432963304415e+01
-2.604977869150691561e+01
-8.186472755297184989e-01
1.492995383055213487e+01
3.047758366202264479e+00
-1.640704059144150406e+01
2.217576583034303184e+01
-1.838448440510257953e+01
1.695649082475237179e+01
