3.965762324626314506e+00
9.521256200595280550e-01
1.978937818999633447e-01
7.812819456219012582e-02
1.048691764776047974e-01
5.301968041257332231e-02
7.416326815130168393e-02
4.001650928925985784e-02
1.446355751159849601e-01
1.463727223195919747e-01
1.451159917399460209e-01
6.483791620751934437e-02
9.602457693983042220e-02
7.253807957007242513e-02
2.094515818389002526e-01
3.184783521377493321e-02
9.557911418508241441e-02
4.214405796142297461e-02
1.068267596800599600e-01
2.085961629464060108e-01
2.092199308317106432e-01
1.012135508405196671e-01
1.480491091696898576e-01
7.956610807148827014e-02
2.055571674279561556e-01
3.265248711885190280e-01
2.613002693078158023e-01
2.825275785497400327e-01
2.369685808732816257e-01
1.261882704522813148e-01
3.376011699619030915e-01
7.184359395394072922e-02
2.041307795744917442e-01
1.163804405522284730e-01
1.796278433901333516e-01
8.767525705509700285e-02
6.973082731379345867e-02
1.551357461941226812e-01
3.854728136738978794e-02
2.349311152639084743e-01
1.395030244650300177e-01
2.156098286310468778e-02
5.833458342371090205e-02
1.882982107532023830e-01
1.341677046107858096e-01
1.939670612662903193e-01
8.917524393181207321e-02
1.216624707385180054e-01
4.470465334361220511e-02
1.351104691160474880e-01
1.247941272631044318e-01
1.187216510472405978e-01
3.446875639757541188e-01
1.071135072486770340e-01
1.371470438683585757e-01
1.508167960832318688e-01
9.583176696073603118e-02
5.574289390556089879e-02
1.025045473083792263e-01
1.651239019736795710e-01
4.482239749514573685e-02
7.366237348472172430e-02
1.221606808831289248e-01
6.644684947524187590e-02
9.608353695366167457e-02
1.866779388777310422e-01
1.145184239932527104e-01
2.187137503468286892e-01
1.396117293698324602e-01
1.429564984750958667e-01
1.222020651714020023e-01
5.275511621143448571e-02
1.849722046634684480e-01
1.595303731945339754e-01
1.177707850227636827e-01
2.427133976723954978e-01
2.173657164904801986e-01
4.741601320611370934e-02
1.299473924890829357e-01
1.046854197240590645e-01
1.491943139488952630e-01
5.689875176351247288e-02
1.588536990127764892e-01
1.396030117964310036e-01
4.566928951573549778e-02
1.122926897444490868e-01
3.816436690394802572e-02
1.805319600695284854e-01
8.343952353164935110e-02
4.069824666764734755e-02
1.191545282480705459e-01
1.059143467869868849e-01
9.034494175246547687e-02
1.572586351645512692e-01
1.069157970411347969e-01
9.825032663246914544e-02
1.979802467427344559e-01
1.803193748181908529e-01
1.242060354620909274e-01
1.992086179794156087e-01
1.217891752819669354e-01
1.405873889941189614e-01
1.373025086282324003e-01
3.396970067156995232e-01
2.209566999626307038e-01
6.539042532937212882e-02
2.645191338163015993e-01
2.536909653871255999e-01
4.893874776517221498e-02
1.109314314553990211e-01
5.578369970091238278e-02
1.815277190556741360e-01
8.592832656638459132e-02
2.168718947688951237e-01
9.769749261624539882e-02
1.653266285975081018e-01
2.144269489205573587e-01
1.991138267380184179e-01
1.593953733694136177e-01
1.604369540137480787e-01
2.038160724509534838e-01
9.632974290758379576e-02
2.433624738952876454e-01
1.727282199065862667e-01
5.331634402831269409e-02
2.445740564803270123e-01
1.620721501273630349e-01
3.795319665768187578e-02
5.097591181006559669e-02
1.711443069591623567e-01
1.814497631106480324e-01
2.247781230050933110e-01
1.693322972235221380e-01
5.093055577481091917e-02
1.273012904345192098e-01
1.236565998985761083e-01
1.354575585275387406e-01
5.667720282376296353e-02
1.449869718089489279e-01
7.132502329884025938e-02
8.035226473020626314e-02
5.865917916041230029e-02
2.258264861417425343e-02
8.527302130837473293e-02
1.939040075150443576e-01
5.736496322493081501e-02
2.120782598515076334e-01
1.013363275473752045e-01
7.963549936792746475e-02
3.871877150378268129e-02
1.871815249712618368e-01
2.944726363435752892e-01
8.724495212133744071e-02
2.503563748397654720e-01
1.822551446957363930e-01
4.910552216935360620e-02
1.249513433874046980e-01
1.016437150419775559e-01
8.269302711888805446e-02
9.919217780940899065e-02
1.464366092159820609e-01
1.158947300368737554e-01
1.466425320295244583e-01
2.372671473312764068e-01
1.491417833018878758e-01
1.636933584991940027e-01
1.406764989320988812e-01
1.709411912961312230e-01
1.984800451051461079e-01
1.003102183705470579e-01
1.422192765428762495e-01
7.610158666594138421e-02
9.630190954416738280e-02
1.398156457153150456e-01
1.064714224495910133e-01
3.393458649906813673e-02
1.877486509746597865e-01
1.640334928032407824e-01
7.561127755381963356e-02
9.618689518204710798e-02
2.212261380179579295e-01
3.352907361340356496e-01
1.117768545012144676e-01
3.142052959955515812e-01
2.011190955590544394e-01
9.932768745578414438e-02
5.863047288256723749e-02
7.026300232948670677e-02
2.424559542854566874e-01
8.439532041338493329e-02
1.318979735554428601e-01
2.000521534594190964e-01
4.748267356325822086e-02
6.730981583755377140e-02
1.747343064135692958e-01
1.437196054828382974e-01
1.304511314141666434e-01
1.007497991437544399e-01
2.122595433049244418e-01
1.423413859871162646e-01
6.199637611090894063e-02
5.497081486242335474e-02
2.254845282144782304e-01
1.642293698761860266e-01
1.037204905333264510e-02
2.411586844698527798e-01
1.943663883469614606e-01
4.726151615840787357e-02
3.581759970653037445e-02
8.492584073762822483e-02
1.609901672598624545e-01
1.996783459281186723e-01
9.631571828700584426e-02
2.397756428267625584e-01
2.490019324988765881e-01
4.529219784912208446e-02
3.623807661831485172e-02
2.794446841653626112e-01
1.139263903974006703e-01
3.728952192584337327e-02
1.895870627107643647e-01
9.690085143275764534e-02
1.185414325480586284e-01
1.059772754463749189e-01
1.970508437065241758e-01
1.107446123402598959e-01
1.063239810476168251e-01
1.951990552356744901e-01
1.212142448011691714e-01
1.504642695451204881e-01
1.818988634480909194e-01
7.870673441219597222e-02
1.147919066478934741e-01
8.859232191179218507e-02
1.534572724881460015e-01
4.784781281938380731e-02
5.708708321749668413e-02
5.374265655902982219e-02
8.278082348262683077e-02
1.150543997227526788e-01
1.156616891122710655e-01
1.517638333618465396e-01
1.677675427639225003e-01
7.802488513747768417e-02
1.435597597657653768e-01
1.397917916894660384e-01
9.203947557713473837e-02
1.470686291637310628e-01
2.124936523201058358e-01
8.269248490367840654e-02
9.697274779406986345e-02
2.190394020998260027e-01
4.749659894415594191e-02
1.461995307202165473e-01
1.408009433887917328e-01
6.860160009430302241e-02
1.773296247269009751e-01
2.337581973757080489e-01
7.916376671764023543e-02
4.837411318201866040e-02
2.024403107099522481e-01
1.517395701959097232e-01
1.870591652674819527e-01
9.128008832148584717e-02
1.348389193823778254e-01
1.845035785294792119e-01
1.175731653384893965e-01
1.401052505395357362e-01
1.120706233763735238e-01
6.674595404649683039e-02
7.545984846390346723e-02
1.501094730141071809e-01
1.863409160170705625e-01
9.634824634272282085e-02
6.465529552552196080e-02
1.742653779330906594e-01
1.611392792487632564e-01
6.863608307171396861e-02
2.720321506563143088e-01
1.964219217112976867e-01
1.527766323848951391e-01
7.689187681639782224e-02
1.324472087684046839e-01
1.349901141106950586e-01
1.612746873065049602e-01
1.003761773065969670e-01
1.802112490671834710e-01
1.680866955139609376e-01
2.165011810479360865e-01
1.102223614128353402e-01
1.990407453244792957e-01
1.752213278234434346e-01
1.456195223934810823e-01
2.287796722461738486e-01
1.206928629147217130e-01
1.518669148687343262e-01
8.775300157058797679e-02
8.612599347966873320e-02
8.438930767936358990e-02
9.840832370746362134e-02
1.907382393489153449e-01
1.120087161018734762e-01
1.797157972774578172e-01
1.867020974253987831e-01
1.187053395443154469e-01
1.907575368266716254e-01
1.777310176698926603e-01
1.783698549117620213e-01
6.264157262206053456e-02
6.960734897604721472e-02
7.199568373052270265e-02
1.001239369836930820e-01
3.498092857117147264e-02
9.861560368364308271e-02
1.896798638047547669e-01
1.951120790544820238e-01
1.567020986230814039e-01
1.718383679035517808e-01
1.870977201401074486e-01
1.249119186443410773e-01
7.796284331642687471e-02
4.045705494963503651e-02
1.185710212911116890e-01
7.431201645976319436e-02
1.767666751186100504e-01
1.418712809205001646e-01
8.895762755140323996e-02
6.385985084844744697e-02
8.341876954109499198e-02
9.730178558293027524e-02
5.804430085094500202e-02
9.970352570419077631e-02
1.702897877099385782e-01
1.441294885724790364e-01
1.358412300228846459e-01
6.245821899901868313e-02
2.731884181027419145e-01
9.057427175454797752e-02
9.373954442213726368e-02
1.346900144032329438e-01
2.428039647741768448e-02
4.699854577420228829e-02
1.108606180072257280e-01
9.663082394817325282e-02
2.265323935890626583e-01
5.841020003938431071e-02
1.057678966765673439e-01
1.213243489603614000e-01
1.867643957018517709e-01
7.249222852635686665e-02
1.199139033526218923e-01
1.440420044983889147e-01
1.090521411153541620e-01
9.112564317527065139e-02
1.299638893152372521e-01
1.469678323489602423e-01
1.118050455154640382e-01
1.470917730208916308e-01
8.104763541175327712e-02
1.664872402452478861e-01
1.324104784067139107e-01
5.718573828994968911e-02
8.272910796387845933e-02
6.226676943405563130e-02
9.717118118443837660e-02
1.317951356354647718e-01
1.148075076586890786e-01
1.806169092046499003e-01
9.768886444416548243e-02
1.808314245760339056e-01
2.489277860145157062e-01
1.552342479418783450e-01
2.230406397298870802e-01
2.010776494084463850e-01
1.362851839839407109e-01
8.331600345375385352e-02
1.071016014858599229e-02
1.121301325320911008e-01
9.294406696469952045e-02
3.016925216754597419e-02
1.360501396983498923e-01
1.651305596921711916e-01
5.814673407602879984e-02
5.045808873652894017e-02
1.187426743170949539e-01
1.268143342103393301e-01
1.226016854956273883e-01
2.634497679694295519e-02
6.708376813333258304e-02
1.281378009244278637e-01
7.587457472915666579e-02
9.608560826757601980e-02
7.994556883446267415e-02
4.093595333577632750e-02
1.123241858918696962e-01
1.205621541737903479e-01
1.889067659267245347e-01
1.609139678888680813e-01
5.566269417600028940e-02
2.398506228755276637e-01
1.569955653122378225e-01
1.092356689027255551e-01
1.116722170184893531e-01
8.604182658614176193e-02
6.632862650451946951e-02
9.557555178006105212e-02
1.513546147473859016e-01
1.367642924167772334e-01
1.036530023492879815e-01
8.093865497514371454e-02
1.052084659612538692e-01
1.536023749931164084e-01
1.335181342968765339e-01
5.750185287961424169e-02
6.043391809330623393e-02
3.060645108690898675e-02
8.860123784309291428e-02
3.149976757054831489e-02
7.823480408582333956e-02
9.490769687600171534e-02
1.449228099167354511e-01
5.296127479037270047e-02
5.997245974864552631e-02
4.046304225063909743e-02
8.268993599516902271e-02
1.192029840732703183e-01
1.096629559631821654e-01
8.044049127158464652e-02
1.415982722607353750e-01
1.292321138209547582e-01
7.016101035874372505e-02
1.116403573173646857e-01
1.164242911313191353e-01
7.790157152075107005e-02
1.508569797936563650e-01
6.189043184918883306e-02
2.264805092088542290e-02
3.303121198713102613e-01
1.664669876005532567e-01
2.579307351648355007e-01
2.429865047317427695e-01
1.551205554758338101e-01
9.698994006143049629e-02
6.594419984225588505e-02
8.905172740740990855e-02
5.067136672108389639e-02
8.731154552054470885e-02
1.481643341085258636e-01
8.338558571790426199e-02
1.402779848936475948e-01
9.113394044465629451e-02
1.163358618546646295e-01
1.083100693110730373e-01
7.034705920630823783e-02
1.448206483398562783e-01
1.006677521075303172e-01
1.372209880586890141e-01
1.410299171378003591e-01
7.122139918351996779e-02
8.396936939535941391e-02
9.505924965399256688e-02
1.849261489863297525e-01
7.923790558243512527e-02
1.711647258275753314e-01
2.441229192737744691e-01
2.639207773270736412e-01
1.104048110318746612e-01
1.682602375521759230e-01
1.273995175164354399e-01
7.941958616105587732e-02
2.541424034935585996e-01
9.367999703459391203e-02
1.724023428170164129e-01
3.161490515531224094e-02
4.003740407235429899e-01
9.233800022620949899e-02
3.991118184663472457e-01
1.649572656799947745e-01
2.413336049877567446e-01
2.167628592959294220e-01
1.126021314518651645e-01
7.996552692257286044e-02
1.694205213887742256e-01
1.537728375826971083e-01
8.280045867313953756e-02
3.351984223126808771e-01
2.333788842864312763e-01
1.319645165925126262e-01
2.567102525844576211e-01
8.910424823816263940e-02
3.168747895295369044e-01
2.326479183464500999e-01
1.942297452126066082e-01
2.529362727140118672e-01
6.867070814711756510e-02
4.957496118048081851e-02
1.722001234332653508e-01
2.238120776520101107e-01
1.244289937461720980e-01
3.880690258655709879e-02
4.408733214881246226e-02
4.865357843049020886e-02
5.283470977646106265e-02
4.401827634291363700e-02
1.033092374144465447e-01
9.341038776507196162e-02
2.868841922832978120e-01
8.984277188055656005e-02
6.310623131805503938e-02
1.570676927681184387e-01
4.336767812679854367e-02
1.046819008844063065e-01
1.911317088243191242e-01
2.237422698158257062e-01
7.239579700305616428e-02
8.622221773398972000e-02
1.168459525224248008e-01
1.867326112054392140e-01
4.935472477422005871e-02
1.913096052762157939e-01
2.337560924250887129e-01
1.347966898371844857e-01
8.218853128087064142e-02
2.058137072340529838e-01
2.710058748251250038e-01
2.817103046468340533e-01
1.980999010940223681e-01
1.339914700897918975e-01
1.209680785246023682e-01
1.641833139904311789e-01
2.011861710255897773e-01
7.951175387625006308e-02
7.459735259711162969e-02
7.882664018436162656e-02
8.449594555651476768e-02
1.320824980080674838e-01
3.604212146652736870e-02
8.083999187829600530e-02
1.401496289864101463e-01
4.244204740176876073e-02
7.859676682924331137e-02
1.328580901272529147e-01
1.040758512071443403e-01
1.906981441724427406e-01
1.968044465391483311e-01
1.590234825326549140e-01
7.137844382591691794e-02
1.894294971119709625e-01
8.339139174587953396e-02
1.887967087842110925e-01
6.101622388029579597e-02
2.148213036196464920e-01
1.067789443911182357e-01
3.710354057383850185e-02
9.242327394646217276e-02
1.294793843556357182e-01
5.637815154083888197e-02
1.464564189567821306e-01
5.046811551941157714e-02
1.333635363476555480e-01
1.678292074527289457e-01
1.604655046164135679e-01
1.123687238742058919e-01
1.063044933447414853e-01
2.112837589496578961e-01
1.056217242399361544e-01
1.869510374798569186e-02
1.374144610346549888e-01
7.929032027450289011e-02
8.289716156344018039e-02
8.115165552333762633e-03
1.604061443521699881e-01
1.728618080677399582e-01
1.973207915367723997e-01
2.068428096927377446e-01
1.898648427399468597e-01
1.088275464398325149e-01
1.484822033788037454e-01
1.808491927036668945e-01
1.285258920344157785e-01
2.268599740603927106e-01
5.940432623499420500e-02
1.684157410182886561e-01
1.640532772871186040e-01
7.871591358257988558e-02
2.590108609427076991e-01
1.608372146488881438e-01
1.189753457358092015e-01
2.201901708920983025e-01
1.803459898839395170e-01
4.466680742979278751e-02
7.480947547629318573e-02
2.459646390323884657e-01
1.692332917691179994e-01
1.847351859051502565e-01
1.227404361683623879e-01
1.483214119209358972e-01
2.698004196352515316e-01
1.909648993866888134e-01
2.330587280143412154e-01
1.104106359640865814e-01
7.356787389890909190e-02
7.917885563477386479e-02
7.316104823792868479e-03
3.246264536706457149e-02
4.747654844944085989e-02
1.503286509681389382e-01
1.550578473844505256e-01
6.133654303484226827e-02
1.167476648399383837e-01
2.102923375436674125e-01
7.083558794195622677e-02
5.786246001623823743e-02
1.985362248429172263e-02
7.351334306748082137e-02
1.276607663745113197e-01
5.012766245569976603e-02
1.118743811275124678e-01
1.606638628605105146e-01
1.426166024873561367e-01
1.813886413965487276e-01
2.048692267913944931e-01
6.147474163368430583e-02
6.171911577370266938e-02
9.885742822799863105e-02
1.222226689071541639e-01
1.036099479989705807e-01
1.743371354684344066e-01
9.429296399193216882e-02
9.536869885600496310e-02
1.302430449208231145e-01
2.303201578149669249e-01
1.019254743776871613e-01
1.603077246129495093e-01
1.773988376547267765e-01
6.314049578871969159e-02
1.673153088454554238e-01
1.352465633127487021e-01
1.022815971678463359e-01
1.262314229874178517e-01
7.994217710113642184e-02
1.307390748907643618e-01
1.054196361426616574e-01
1.070175795632364590e-01
1.990807594488328003e-01
9.368324544146515442e-02
1.481427720726061215e-01
7.090263382792431901e-02
1.211208890619614037e-01
1.151318636471171247e-01
1.425232962009200521e-01
7.568831342904358550e-02
5.487348236007513064e-02
7.350903168554855094e-02
1.284951892663545592e-01
1.449930166034758827e-01
4.961500764058404678e-02
7.526277518689038215e-02
1.117350398475630141e-01
1.423498372628387298e-01
1.524948729057556962e-01
1.899910970163738444e-01
1.117084490214050180e-01
1.320438602264936145e-01
1.811668638021329547e-01
6.641885005454242763e-02
7.146550642830623579e-02
1.282489890724814452e-01
2.066938765293452329e-01
1.349696017935315129e-01
1.300757065794973799e-01
2.497161442994635661e-01
1.371172003044832666e-01
1.197429044441866985e-01
1.305200088830596739e-01
8.129065771114690753e-02
1.100003248126369543e-01
2.115615759595625145e-01
6.658957520673283725e-02
9.039310189188322353e-02
1.272554852197606001e-01
1.068902482461182996e-01
1.074523396210646103e-01
9.961472897904037616e-02
6.906966440520613537e-02
1.102111232498260984e-01
6.867429674310970844e-02
1.396199262961424492e-01
1.195735105425333178e-01
6.891421290155581858e-02
4.352638883413280368e-02
2.018145781752136297e-02
6.651697413155846506e-02
1.153723020363204427e-01
2.267061959074360422e-01
2.008654200421308378e+00
2.310395793646442542e+00
1.000212864476356822e+00
8.223521402887955523e-01
3.497107973828730842e-01
5.238004094732110483e-01
1.396765804920347964e-01
1.580858564220391782e-01
1.262794346400522572e-01
1.588474542273217438e-01
1.705912994487568390e-01
1.232232983151916317e-01
1.725016040798311168e-01
1.464299527468212736e-01
5.227537878648500502e-01
4.496672467156372921e-01
2.586586752023270486e-01
4.421417059947185813e-01
4.041520587905046424e-01
6.529241065527845445e-01
4.369987145924508765e-01
4.132454295234594399e-01
1.409527918202894137e-01
1.575676248320168893e-01
1.660556665349066929e-01
7.904249688193558387e-02
8.437981027221048980e-02
7.430564124679892024e-02
5.976691872846909975e-02
1.198723881746221742e-01
6.558936069732866636e-02
5.030044446228527227e-02
1.252303650104215627e-01
9.202821589789741963e-02
8.983511558956837340e-02
4.332846921255144312e-02
5.250754857052931240e-02
6.812747917825355548e-02
4.696580478867007358e-02
6.378513494825942265e-02
6.563128526661178574e-02
8.532312203948906604e-02
1.109601123943619594e-01
4.610772681628420855e-02
6.528633803578280659e-02
5.985918647244660440e-02
5.511153456483697949e-02
3.479637019114815988e-02
2.449734156286703657e-02
4.811239165604228735e-02
8.697452199030754338e-02
6.930469742334550987e-02
6.334840648666113794e-02
8.583094341849070719e-02
6.779798893828488382e-02
7.142495757547795421e-02
1.025299434381990032e-01
9.484281928758321600e-02
6.877539886668010416e-02
1.674765927102809041e-02
3.092628301434264398e-02
3.212594383789011548e-02
7.175398631916965475e-02
5.317986615639268971e-02
6.879043440510031193e-02
6.097529065930248210e-02
6.868737553898780768e-02
2.107052868145240648e-02
8.302171616317256808e-02
6.890585178007047062e-02
4.401818517291186672e-02
7.553090642727404436e-02
1.201234871407326349e-01
4.738519609565802759e-02
9.135068723531848678e-02
8.484947223541042249e-02
9.708893024776715786e-02
9.236086334547560783e-02
7.912475311203774619e-02
9.424207170481474494e-02
8.928536897728735211e-02
6.317017759011231415e-02
5.610774988349512271e-02
3.361172560013093308e-02
2.283273045180017960e-02
3.686699969711859648e-02
4.392972657415376153e-02
2.439437201715441775e-02
8.876157563458417221e-02
7.726391180883579457e-02
6.944032213438902645e-02
1.127867054873745584e-01
6.882324125929899228e-02
6.892212510668822845e-02
8.854421416720997806e-02
4.359583378737304227e-02
7.793933753946520604e-02
2.782441970536594228e-02
1.331152595128978489e-01
6.070141119429215554e-02
3.922386749922172205e-02
8.966078522194706468e-02
5.846992331702702272e-02
1.367069542975621887e-01
6.667023300280310039e-02
5.530380284946961184e-02
6.858111768420069310e-02
9.500273327055029637e-02
2.358449229415600715e-02
4.218110420207588085e-02
7.077656798152479056e-02
8.673664024783318827e-02
2.767584370892883089e-02
7.380846010319434825e-02
4.791775562025150231e-02
8.255042990167497929e-02
3.152510429404778436e-02
6.362024735617675952e-02
7.791077917012423359e-02
7.658904315559854348e-02
2.965521040887346069e-02
4.997464605766353124e-02
7.405498656113954081e-02
7.070459531853387491e-02
8.229120246555204909e-02
5.176932752254943121e-02
8.119877716689082037e-02
4.918621033057705982e-02
3.388644281801478364e-02
4.188453194461838613e-02
4.203675452445130439e-02
5.779221985572791792e-02
4.136067625882677151e-02
8.228835906755127549e-02
6.007152349393337504e-02
7.676640954541197326e-02
5.160387993075967600e-02
6.013723171058613093e-02
3.474642826273101337e-02
1.094373571870175532e-01
7.758871265402624007e-02
7.363548297690884759e-02
1.350011663772547887e-01
2.287113791127439733e-01
4.960257788504292970e-02
1.162013437241686820e-01
1.802372387480146165e-01
6.711425454295878723e-02
1.529928435220325733e-01
1.093603018057977549e-01
1.222070147693027214e-01
4.946993689016628004e-02
7.816913999440225358e-02
1.045050943924465403e-01
1.157182500419530607e-01
7.933363372665594437e-02
8.847619409814805325e-02
3.883480950844263313e-02
1.200403498766182131e-01
3.874586180035845262e-02
7.922445008661602173e-02
7.668903428859935589e-02
6.276064981487290695e-02
1.172613812950263207e-01
5.181940108275866208e-02
3.008560365150705213e-02
4.103966664577997359e-02
6.747512485454722209e-02
5.746334478306024812e-02
2.599137785341290585e-02
6.194399619797241741e-02
6.211783822920075027e-02
1.270646664219684530e-01
4.565029166394791310e-02
1.042290857358460915e-01
3.141618895712047083e-02
8.622892039569227118e-02
4.594784557264489089e-02
3.686164837871182959e-02
1.027132145446576494e-01
8.355612461188845208e-02
4.070239224959022739e-02
4.630217863902330588e-02
3.315743706487265380e-02
9.669529215915094456e-02
8.259937137698954157e-02
4.109190088365242965e-02
8.708087428976955813e-02
5.417771768424687467e-02
1.299674297662434530e-01
1.155699131586922224e-01
4.486798551582765748e-02
6.931754770767223350e-02
2.305408983708606349e-02
3.863934507592598627e-02
7.454452982214006262e-02
1.321116236750835282e-01
6.916258861413154824e-02
1.438554953285126337e-01
5.885432848653536497e-02
4.659554298880377865e-02
8.631545212307363546e-02
7.767242462015612470e-02
9.096791192988813723e-02
5.840050589285376154e-02
6.021701467177003469e-02
7.846597677703968932e-02
1.067393605965784309e-01
7.481235300440566838e-02
2.565653387770336358e-02
7.054495823527583143e-02
6.890536895282242669e-02
7.810150169621310479e-02
7.021055190309891114e-02
8.323909085409626762e-02
7.233724559786992858e-02
7.668708815684252555e-02
5.093796796806165927e-02
1.347327023993118503e-02
5.055476528551799270e-02
6.882532216921487256e-02
7.486323634410514682e-02
1.110263204646215612e-01
6.713676957375552812e-02
4.524288532160240794e-02
1.415861671665460675e-01
1.026744198605604591e-01
7.444938916201111756e-02
3.894198354746864627e-02
3.607515462402326872e-02
2.502854062409847966e-02
2.554295822860830692e-02
9.378039869767654246e-02
4.112601679929877435e-02
9.073719929891753411e-02
8.762268833139670587e-02
1.046494254163300164e-01
7.896770165738352387e-02
9.200131423430930877e-02
1.803172286666890889e-01
5.843814849966189051e-02
6.705615017586978588e-02
1.529216177055614800e-01
8.986303607505331803e-02
1.105690717801916384e-01
2.475323308547794365e-02
8.138133996526480951e-02
2.042333361833292282e-01
1.726330586163527248e-01
2.648725003291912961e-01
2.704033858353971920e-01
3.410689214799457747e-01
3.206587816151255654e-01
3.047107761949477411e-01
1.457670891605702679e-01
3.201597367897808799e-01
5.318192440567326429e-01
3.912234457666916576e-01
1.492971372242328232e-01
1.570236453880348160e-01
3.820331855911735519e-01
5.175988178497877845e-01
3.068209336771271500e-01
8.077473926820695482e-02
8.484451706084607248e-02
1.588653218252707999e-01
1.524997167849320712e-01
1.175053526229780793e-01
2.261064436885680540e-01
9.596868802867268566e-02
1.702669957861991656e-01
2.975270391867592679e-01
3.036442919204110358e-01
4.276135373187290867e-01
1.876571746219595493e-01
1.836843071005382633e-01
2.871179112834614799e-01
1.943987253447568564e-01
1.486655655098550188e-01
1.256856093500786364e-01
2.109235839226994702e-01
1.736536242995236068e-01
1.239000538198971740e-01
1.272816291910533193e-01
1.688196528397289953e-01
2.103895741371952233e-01
9.486128375600044738e-02
1.057852991379883562e-01
2.180218418899919353e-01
1.212365024473646274e-01
1.142997481839606727e-01
1.096036485709576541e-01
4.860012921089790910e-02
1.253764026446466673e-01
1.083218470015775425e-01
1.252426128380652037e-01
1.118385780393160445e-01
1.234120426009683164e-01
1.393036644640793797e-01
1.458514167713104437e-01
1.354303705342918829e-01
9.416833724378720349e-02
2.508428087939946760e-01
1.022225351381603475e-01
8.340783639340203226e-02
6.143128974952589277e-02
6.959495478143479241e-02
1.564087622070730599e-01
1.439559799078990732e-01
2.168889213385088721e-01
5.313935673642764673e-02
1.715642733656181640e-01
1.675123657662973276e-01
1.323653156972464662e-01
9.290502521322088758e-02
7.935363098117231839e-02
1.707104294375096087e-01
1.665116132253487424e-01
1.039843505511252458e-01
2.568996623059507933e-01
1.985519050674141306e-01
6.505718462664673851e-02
2.751063978537675314e-02
1.967596517795290323e-01
2.016554809943758020e-01
1.504493950236669431e-01
1.266259531005476668e-01
8.791109208672777398e-02
7.804352297287750484e-02
9.845698104076416879e-02
1.362242754115052801e-01
1.354468117046060960e-01
1.121130275558304967e-01
1.052296520231626870e-01
1.380814218947485350e-01
6.196533887960727766e-02
1.801587219579341426e-01
1.375796568559926325e-01
1.684623034146661702e-01
1.977153277068675608e-01
7.271495258563852315e-02
2.097205727388098684e-01
2.268568491388411323e-01
1.377689736066631254e-01
1.632043797333257440e-01
1.090133446377265641e-01
2.081967044622526908e-01
1.296733726391067487e-01
2.093637446407567437e-01
1.403563117703234275e-01
1.088186163964384862e-01
1.767690566699635368e-01
1.416959065405375973e-01
1.878639991905835804e-01
1.432735380169660455e-01
1.025049538736875349e-01
7.244744372725224479e-02
1.727653659577271517e-01
8.946211082917474022e-02
8.252341088253313528e-02
7.973193324984770292e-02
1.105931675399419029e-01
1.065176547690423747e-01
8.870910523864679320e-02
8.361427418244397891e-02
1.137427995407149228e-01
8.597792722190154835e-02
1.431860530616720362e-01
8.759478836803388790e-02
1.205447826834984693e-01
9.686421641798752258e-02
1.655293260372721897e-01
4.601614801290365014e-02
1.704169925580751033e-01
4.368341645284001817e-02
1.316770854505940336e-01
8.459738987371304142e-02
7.377846573290638976e-02
1.011078964934183366e-01
1.058046773175446015e-01
7.859199234848003590e-02
2.581715646733387035e-02
1.293722888209224986e-01
9.383541373081816239e-02
1.841108199231914488e-01
8.790328031032210165e-02
1.850982138213286277e-01
1.025957120333488293e-01
1.366229286589866476e-01
7.505899112692812625e-02
1.081739166214651660e-01
4.612085623990451466e-02
3.333027751563961971e-02
1.502356134416216737e-01
1.578671196942867949e-01
1.640250468967772157e-01
1.865885418002714569e-01
2.235602734866170560e-01
1.956123711319648073e-01
7.529360741220338105e-02
8.547341266998750853e-02
5.518988706315624410e-02
1.727224788598967220e-01
1.409797365749105857e-01
8.362338825112979046e-02
1.073856308406257037e-01
1.783262813702626848e-01
1.658831736050048744e-01
1.777517395796762434e-01
1.015668480313176858e-01
1.011553501885528172e-01
9.440741237967098520e-02
1.364033291606655818e-01
9.288652765674987322e-02
7.185585371648009478e-02
1.575797553711052457e-01
1.751319813403406367e-01
8.614159471183062411e-02
1.192920120170872095e-01
9.180072673443873121e-02
1.178030909029430529e-01
1.099937657148516434e-01
1.989596959924996578e-01
1.525515278287848664e-01
1.519997790882428590e-01
1.585346833861605853e-01
2.956255705883787388e-01
1.453099549341611563e-01
1.608082624241511105e-01
1.349932017563298114e-01
1.621500489171838200e-01
1.581746416700345048e-01
1.141210252921513457e-01
1.002054211283349427e-01
3.442933039613724905e-02
1.238674554350686907e-01
8.956333485078037115e-02
7.029818330779284696e-02
1.836123614626377076e-01
1.201728357952885212e-01
9.622433426222692932e-02
1.405634677962976919e-01
4.908400246983291026e-02
7.500334514538846420e-02
1.629001519606440018e-01
4.803163145080912438e-02
1.384933467425411846e-01
6.857824908689949539e-02
5.741082479643303677e-02
1.034301033683537457e-01
5.465649158912312677e-02
8.736185962060971644e-02
5.923790622775681330e-02
1.113019320459153749e-01
1.038280235400528828e-01
8.777161553118779935e-02
9.772866388359222056e-02
1.742753723736266691e-01
1.484980403319496045e-01
2.398731654406435765e-01
1.514655795213702694e-01
1.135144416901793935e-01
1.214208329919342494e-01
1.591630505425921938e-01
1.727291557014447587e-01
1.160380037584627794e-01
1.592195209210953422e-01
9.578610723272248939e-02
7.442960062992819148e-02
1.260069291222403742e-01
5.854291923904363093e-02
8.471623368731530379e-02
7.556240327983113070e-02
1.812886324090541568e-01
2.711754242273345730e-02
8.526377089549570798e-02
2.121907326928596238e-01
3.164769731550712839e-01
3.058400920140069146e-01
2.263722389323110096e-01
2.256703437289989400e-01
2.498801121430636596e-01
1.427187171621923378e-01
7.889361306042613764e-02
1.628132141575004133e-01
1.720455610584359085e-01
2.398480642443845123e-01
2.334642601208335722e-01
1.265426052130506906e-01
4.266113176474603530e-02
9.908215911137499554e-02
1.553874301784610445e-01
4.993302491134314625e-02
1.317667998514501504e-01
1.140035832238398134e-01
1.199882593120093488e-01
2.127855797660344606e-01
1.396648444697516644e-01
2.064609420535009066e-01
1.425641821732508974e-01
9.244581925672197553e-02
1.441904252660798635e-01
2.051639634483802543e-01
2.105663079019469697e-01
1.776896651745694666e-01
1.112659473913107933e-01
1.454660561087411652e-01
6.162854247546734054e-02
1.300029963532804977e-01
2.228288288603976763e-01
4.178466780951666654e-02
1.668047633761321757e-01
1.548885507350310775e-01
7.452505982341216251e-02
8.651124495842942019e-02
1.302029439572881808e-01
1.044539412088497654e-01
1.445376134029158766e-01
2.158145931365312298e-01
1.552464022076771866e-01
1.335239321181490024e-01
6.636387233210784553e-02
8.142233961202312298e-02
2.413008470638717540e-01
1.602475652910315129e-01
1.520486778243898274e-01
2.658421273068108381e-01
6.624332001861917008e-02
1.111381927198723252e-01
6.559052201103185431e-02
1.793769312958143625e-01
1.348520728152010351e-01
1.012774306916465888e-01
4.540027747300288963e-02
8.660668930480847072e-02
2.618089334157646178e-02
1.079827804556306586e-01
1.019781419348501778e-01
1.624541975286662165e-01
6.892818907920443550e-02
8.231817868418536688e-02
1.004662405753145582e-01
5.168150168859581006e-02
8.035151229269112128e-02
8.352194997283551858e-02
6.285966113071833616e-02
1.874138601553811123e-01
5.128381599141756259e-02
1.017718030156291587e-01
7.938919876822640720e-02
5.342470050380173502e-02
1.016018913893935588e-01
4.891510635192485718e-02
8.403860747635046036e-02
1.505850662475337887e-01
8.860546178661231342e-02
1.513265953918555562e-01
1.190193088257484461e-01
9.726178064935193934e-02
1.114155778569379251e-01
1.172824605671625581e-01
1.215485401825672773e-01
4.401347591496740375e-02
8.203968639002648389e-02
6.224749578189792826e-02
5.488106982542061141e-02
4.828961756893827145e-02
7.742676105421728017e-02
6.914190891697014063e-02
4.706758165848144715e-02
7.779253840972266687e-02
5.254670716809559106e-02
5.829528512603063262e-02
2.930413472148019061e-02
7.016686631350772807e-02
3.943251885272962970e-02
7.731476284497740270e-02
5.224664442075258042e-02
1.160444809298281782e-01
1.276137058069330699e-01
1.623073728052113474e-01
1.257979954750476359e-01
8.090724069942129004e-02
1.096686282902214482e-01
1.383472999231955824e-01
5.869946304370794732e-02
8.924221652325295406e-02
6.271144728838552729e-02
6.571031506099593578e-02
7.176515443741079969e-02
6.964366531300995866e-02
8.042697245742903844e-02
6.630391397656525132e-02
4.105152008917919981e-02
7.699677353913664257e-02
3.489304874289925890e-02
6.820844165072766085e-02
7.816011420690215095e-02
1.619901724251769926e-01
7.750684067584436010e-02
7.923316994252947720e-02
1.156530688032696846e-01
9.574964769445575008e-02
7.672588731651591720e-02
6.342060035923324790e-02
5.505212992390291077e-02
5.527834051525674225e-02
3.839748768384636246e-02
8.236123230639320891e-02
4.361994313708218024e-02
9.880535225052282378e-02
6.699972729706744901e-02
8.380242249640501573e-02
1.262317644286029827e-01
1.516202217204000169e-01
1.704721254849017043e-01
5.879800137663569043e-03
5.654851203154626776e-02
2.056252540196007450e-01
1.749161807092051435e-01
2.100281467374755795e-01
1.246752376166787996e-01
1.247962879401549596e-01
1.126190976207444572e-01
6.232807441045566665e-02
1.230906251633562681e-01
4.847916315635891066e-02
7.784188472515579660e-02
1.770745311841772918e-01
7.524705009958106150e-02
6.394821047593229890e-02
1.708416885708232136e-01
8.782840581668986679e-02
1.157998669394876279e-01
8.404560958951701188e-02
1.284323866901607714e-01
1.237223922916060315e-01
1.471021282420079401e-01
1.308293519704937513e-01
4.643459648673677054e-02
9.276627501806726517e-02
9.238321508599851850e-02
1.183969595152453286e-01
2.378561380714411533e-01
7.165406997989391680e-02
8.171420738807851081e-02
3.684788878142934709e-02
1.113114531177557542e-01
1.604759719498005111e-01
1.088961796958136524e-01
1.089384326407536741e-01
1.035280107722484494e-01
7.538555543466987641e-02
1.789211743642873664e-01
2.686327589023043000e-02
1.127970610203908042e-01
1.144332253317932174e-01
1.463674961363150562e-01
1.098813452642166816e-01
2.114420742595261582e-01
8.653711759927246172e-02
1.768175022348360825e-01
1.497629195544588898e-01
1.450471948804247513e-01
1.202600852693736788e-01
1.407206898689697117e-01
9.524399985418953440e-02
6.730264726750406767e-02
1.900111426435656947e-01
1.270032466336730170e-01
6.378991518239295055e-02
9.071753670060628272e-02
5.731414280702050446e-02
6.229678993587176722e-02
2.898895403930041442e-02
9.168945087494766166e-02
1.001844485506417498e-01
8.438873664723695045e-02
5.707882430796782508e-02
1.928405325435396112e-01
1.252241654166025842e-01
1.334899182146016550e-01
1.362923795759996282e-01
1.172592820336069291e-01
9.751679834158144544e-02
9.231591279107535797e-02
1.074903994779132094e-01
1.209267726857843200e-01
9.604505271073554562e-02
1.360084667560107763e-01
1.440639071620032352e-01
8.975147178799147696e-02
3.180235379277381036e-02
1.009134266832269894e-01
8.263324330696421305e-02
6.522672088613083730e-02
1.219574639112331327e-01
1.144988713285009785e-01
7.901301682897217404e-02
1.305096662567851729e-01
2.539560323278696186e-01
5.428400585448370924e-02
1.281372828474691972e-01
1.890940626644952438e-01
2.428188795305933345e-01
8.070974151408133457e-02
1.152182511041461438e-01
2.026233538887692864e-01
5.844082412674258403e-02
4.224784982104214104e-02
5.752376908179933357e-02
3.887721963564124555e-02
9.718471282380551635e-02
9.903234249176381954e-02
9.472835514790801936e-02
6.717459592637814447e-02
2.260776990328497438e-01
1.175898944083598741e-01
1.638335371403659146e-01
1.853606977928792254e-01
2.375983244801882499e-01
3.410176883676850901e-01
1.126511810879776421e-01
4.526189216843773400e-01
2.174316318843567963e-01
2.707952514772415942e-01
1.567519207884767451e-01
1.669730261098061053e-01
1.474273394290617420e-02
1.912660212501840484e-01
1.734210117330635126e-01
2.366027697813480601e-01
5.407349505245419297e-02
3.040798088280871059e-01
1.673971672674053335e-01
6.798314916474533509e-02
1.432336597810179024e-01
1.132425045810490499e-01
9.398602215212846500e-02
5.004136131894806883e-02
9.159958159744568951e-02
9.769843792334308163e-02
1.232732923868401220e-01
3.626398188124895644e-02
7.572514813075309492e-02
2.144328154859771393e-02
9.006783836149875877e-02
4.026274762945223490e-02
3.830364785799027921e-02
6.796716551566024667e-02
1.118207531309905849e-02
5.484629506720426623e-02
5.789484377465528575e-02
1.001900545678597182e-01
8.972000309392014206e-02
6.187524164596814452e-02
9.536316320330925911e-02
6.921955586585303022e-02
1.812004470670134371e-01
4.906534196259593195e-02
1.262417945092444149e-01
1.356644319681889477e-01
7.465805170537644087e-02
9.138505186250092671e-02
6.854275371607115863e-02
1.044498110638887312e-01
5.290887110081615718e-02
5.872615510192765592e-02
7.093200318177479702e-02
8.588705746846972411e-02
5.574578813308240371e-02
8.852432628445025542e-02
1.743014825327821316e-01
7.371179719989212620e-02
7.018632803070670723e-02
5.351075921642014371e-02
1.341452628806409642e-01
1.096561618755265005e-01
6.516020027585703311e-02
1.019171048465393886e-01
4.343586415929295147e-02
7.116531691103991641e-02
7.308440634222250487e-02
8.891372354650280141e-02
8.198757004568789364e-02
6.799418903854856366e-02
7.709559912186568498e-02
2.266099309974001913e-02
5.079573439139192792e-02
5.153549634836632892e-02
1.231116089198664443e-01
9.700074350460688444e-02
4.765346467814639969e-02
1.793707813267679807e-01
9.734213034527743058e-02
9.138225302920431614e-02
1.254133587723616217e-01
1.000924872721002529e-01
4.522188876320401563e-02
4.979166457299376292e-02
1.433152657094582394e-01
1.680864306496619165e-01
9.765772932088798153e-02
1.333855109414651130e-01
2.741855269035295070e-02
2.273568071191238160e-01
9.253595567777427033e-02
1.522103091798548691e-01
1.423459513195873827e-01
1.344436829724596771e-01
1.718298298338639118e-01
1.244692379991845788e-01
9.765169234632650741e-02
6.576361252516105260e-02
1.184148405167773782e-01
9.490953280961937633e-02
7.286418484758333536e-02
6.657969104959317319e-02
9.609311163010966772e-02
8.703593168163445415e-02
1.864696629844344103e-02
1.125650947630223581e-01
7.297461762178523992e-02
7.716591209300475984e-02
8.886884314153860320e-02
1.044024556601999693e-01
1.223132641485465272e-01
1.701167272242236350e-02
1.575323419058981822e-01
5.225722666769563179e-02
6.011551765368668837e-02
1.579111368064720633e-01
8.882785144823818202e-02
8.175747239617284223e-02
7.693148091812354594e-02
7.046076549236308939e-02
5.856338122041824384e-02
6.693454815877437902e-02
9.580557867810310380e-02
6.689102209255458342e-02
3.242478090400176954e-02
1.366192830845697759e-01
1.814969495501228824e-01
1.514222696990402128e-01
1.660306845502179940e-01
1.686546782701701108e-01
8.933583253000500213e-02
9.454183726757948991e-02
9.086379934599535246e-02
8.549952913050924697e-02
1.079916738117062541e-01
6.610669899002084848e-02
1.111891610084655979e-01
1.100399781635730684e-01
9.350782002356204659e-02
1.012214027742514844e-01
7.764578520031402420e-02
6.278575887312846937e-02
1.340564199882518515e-01
1.106554932090611232e-01
5.566864826294949664e-02
7.119181477425598481e-02
1.003397225352682665e-01
9.228160817566119500e-02
1.559386239253854889e-01
6.643778094709829052e-02
9.099702427656576609e-02
1.084176673862632945e-01
2.077192666995429926e-01
3.820028806911435204e-02
1.212752798958259270e-01
1.788874199766632422e-01
1.404302216790142555e-01
5.061650340340940329e-02
1.750668030797598862e-01
2.209161578092754818e-01
1.842065508203606650e-01
7.184600636538196472e-02
1.035826860985952953e-02
5.393203665823653736e-02
8.231916665628341567e-02
1.276111051193533630e-01
7.263121266553623778e-02
5.049275862750641358e-02
1.070699809900544225e-01
2.713477417251752843e-01
5.728246402312343194e-02
7.315638778859000213e-02
6.166230032112626769e-02
2.916607011457198473e-01
1.223991321371769025e-01
1.071919219441029164e-01
1.595240587128625709e-01
6.254815186916522218e-02
6.964019241308174735e-01
1.454355639322117533e+00
1.613289654496607994e+00
8.885315908355262415e-01
5.541359673086533322e-01
4.483060096704378217e-01
1.713260194460572428e-01
5.473520234653261873e-01
5.692912721061587078e-01
2.874713994070519640e-01
1.487032700320283785e-01
1.137444407384228667e-01
2.404116058828527080e-01
8.652867013518472650e-02
3.542272160141869408e-01
2.624997286400502228e-01
2.563589436893554674e-01
4.617760609305129188e-02
1.600606697286198199e-01
1.622276622473391439e-01
1.147389286288767463e-01
1.261577474078007521e-01
6.845811912111024466e-02
3.446626451318657303e-01
1.692095165702749704e-01
2.752163124750732215e-01
4.084977551631479020e-01
2.053356755359694863e-01
3.252419696917625141e-02
2.444640795031248759e-01
1.328996409775239917e-01
2.057682969894594205e-01
1.355619930503084158e-01
1.161502860852212521e-01
8.630745499671996224e-02
2.712942679255234690e-01
4.599718474189454231e-02
2.652451756106395664e-02
1.043082586228639003e-01
1.772586919869325317e-01
1.024762659350874489e-01
8.688095526574322880e-02
1.503181661303032157e-01
1.845606438075763078e+00
2.149493646020153470e+00
6.915119162259176777e-01
1.908301553927652883e+00
1.232609603291362488e+00
1.000973805014457596e-01
5.278095336812903549e-01
3.623614241608100195e-01
2.245897110115775142e-01
3.129218100151496817e-01
2.216392131990069791e-01
1.664545911266388789e-01
1.878810031391232871e-01
8.201378666806286022e-02
1.463156808325579983e-01
1.730153611318517581e-01
5.923842734597774967e-02
1.564175042268398097e-01
1.877607988659612537e-01
1.021183978425761751e-01
1.491736375869341380e-01
5.355963762376553250e-01
1.627983881263472821e-01
9.336618576246376311e-02
3.348473240115624749e-01
1.568101741550846362e-01
2.203615155537909376e-01
2.306657679455050569e-01
1.897298049698727951e-01
1.083707065768341055e-01
7.695842385376217010e-02
1.176244083611966140e-01
1.512711997171443112e-01
1.712425637035566994e-01
1.098332162282319308e-01
1.497340837064648211e-01
6.348642986390093390e-02
9.557524970724881608e-02
9.150739298004176292e-02
2.107859946062119183e-01
1.140741142565643018e-01
6.796979338547773364e-02
1.135400865540622251e-01
5.645818035998734219e-02
1.503988763368797887e-01
1.569941018308740888e-01
1.569432243090674861e-01
7.526055928470697098e-02
1.759736628666600244e-01
1.754938598874309363e-01
5.862754999382323307e-02
8.942236940602101003e-02
8.060579345082433123e-02
4.305836768722867691e-02
6.872578083698510643e-02
5.462255316817781620e-02
6.340313862913041221e-02
1.150172966674472830e-01
6.483271295500799003e-02
8.351634447522410243e-02
1.292795403753717320e-01
2.168401847933030743e-02
2.784115507354803162e-02
1.217883727273573330e-01
6.453949742234876830e-02
1.559658648582732399e-01
4.202911331062776645e-02
9.073493133126614429e-02
1.189137471500514714e-01
9.210693680390519278e-02
1.583520970705290243e-01
1.566875512324115982e-01
3.020670982420717646e-02
2.118169603340336604e-01
1.368348451621641537e-01
1.918835952205242001e-01
7.328067793514067563e-02
2.098338569228778427e-01
1.580433023140602189e-01
2.076062024717080512e-01
1.146897260461736401e-01
7.826926555991142731e-02
1.381092292399282995e-01
1.310561502702434766e-01
1.086696560583834958e-01
5.507715646541321008e-02
8.090396208038970471e-02
1.164420232691010804e-01
9.283029756460979554e-02
7.889760026566602913e-02
2.199876215466829432e-01
1.358779406507878429e-01
9.113134605204341321e-02
1.033910477284616797e-01
2.082042081575188053e-01
1.318239913620735115e-01
8.198139440522611565e-02
1.596974717253760168e-01
1.377284531411592239e-01
3.027300173313513670e-02
1.148667982806015203e-01
1.338925059348577695e-01
4.552123493328099485e-02
8.312536211109906870e-02
1.309946033727878989e-01
2.348438504003780292e-01
1.783865771478262974e-01
9.717207592826514195e-02
3.122682574060685612e-01
5.887152053226241827e-02
7.268004077293795107e-02
8.325090525851412682e-02
2.254101734338743446e-01
1.598629178704671361e-01
1.191144966106869596e-01
1.843763137690796750e-01
9.092521880659268363e-02
1.912402739770742433e-01
9.453616731860178812e-02
1.828735692478051234e-01
1.699811650687681475e-01
1.455284688730014431e-01
1.699465847941121488e-01
1.047752981944063133e-01
1.826171652125052336e-01
2.306979320521072019e-01
2.214059683255087396e-01
2.150028420612923874e-01
2.354922152254743939e-01
1.159051729835000322e-01
9.125665655306357260e-02
7.464350458135368682e-02
1.002414744451337880e-01
3.821285114013994039e-02
1.877705235250498039e-01
7.628719752880161464e-02
6.875793938902424740e-02
2.039900977131799409e-01
1.033858426997055768e-01
1.547242264417039437e-01
1.483848046154518652e-01
1.893781916486151351e-01
1.387248017414481893e-01
1.062101215612585720e-01
1.089884403422357040e-01
7.751266085731399469e-02
2.988660931790906305e-01
7.078357810712661291e-02
8.107248007006416513e-02
1.575093508436686829e-01
1.010800014560230831e-01
7.461709300686107660e-02
1.390291653993206145e-01
1.144656054688343444e-01
1.371641706237166358e-01
1.610614674055105555e-01
1.657697786507247306e-01
7.643711505539969864e-02
1.895714379244547720e-01
1.234029682613791701e-01
8.286572492536679879e-02
1.467107291087017262e-01
1.525203817777141813e-01
9.482546461031481078e-02
1.357845926636572220e-01
1.481243370107301893e-01
1.414927012099057024e-01
1.483626789601392992e-01
8.605100567707547887e-02
1.172243050719273538e-01
2.403155702919389236e-01
2.169177877252049802e-01
1.489691844881933513e-01
1.616725838888268818e-01
2.100508111081272056e-01
1.739390755273969857e-01
3.898758435118891003e-02
1.365063590277925953e-01
1.182077237427963251e-01
1.871657309995351515e-01
8.995436545774090908e-02
2.823612846834462342e-01
1.347962499490739652e-01
7.048912751028330037e-02
5.292765904897245993e-02
1.055233782614767302e-01
9.341673668243635764e-02
2.194777994805301169e-01
1.425433802082120283e-01
2.101069570480708915e-01
6.828261994443110550e-02
2.588915812279675710e-01
1.637641686056748314e-01
6.531578662405987390e-02
1.182601388595172220e-01
1.766410937433400552e-01
1.817095585084748111e-01
1.257475535188664895e-01
1.460698995344262285e-01
1.291496386619225278e-01
6.431742240477894557e-02
1.217354397333925975e-01
8.853726627960575857e-02
8.501220534868793310e-02
1.032055429991310530e-01
8.587486840435590296e-02
4.468421947973275077e-02
1.155393666226889465e-01
4.375517062147826763e-02
1.769910254660236326e-01
1.064541017497096648e-01
8.502510176484338877e-02
6.139113508709409528e-02
1.130894558363665786e-01
2.706882239303709178e-02
9.337298003432295546e-02
3.694136826032613785e-02
9.058531582407718108e-02
9.763768632554198357e-02
7.690441852198529049e-02
5.368247596127979221e-02
9.464477787793014463e-02
5.019738726502585846e-02
3.034276490533918680e-02
7.872983695085958300e-02
4.309227443703035620e-02
4.234659998093236871e-02
8.311462684324263939e-02
7.205997438182225323e-02
5.273269286557306923e-02
8.646750532832957192e-02
1.071185873211082246e-01
4.460356792200591280e-02
5.133911387968105589e-02
8.511194949267189558e-02
6.085435534599455826e-02
1.161240572539986998e-01
1.346879483870823402e-01
4.498404240886568622e-02
7.800634531102453029e-02
3.528351417698230574e-02
4.993286034337335311e-02
1.865829293368048009e-02
9.340164532867176184e-02
3.418697652159239514e-02
3.987350876295778918e-02
5.725596421326354518e-02
1.617369173374670274e-02
3.858512949678900850e-02
3.237431911123481859e-02
3.580954400790887365e-02
3.054793645205903727e-02
7.477689754541666511e-02
4.069676843143410494e-02
5.465630484768223274e-02
4.600171234280920479e-02
3.826967137144405423e-02
5.307927331500369300e-02
3.135071719800684720e-02
4.709176514799279928e-02
2.090657794435673428e-02
3.143954880666987445e-02
4.682250605758886408e-02
3.382790533451085491e-02
5.754210520751974062e-02
6.256838307891064710e-02
6.561599110455584860e-02
5.581715176492435537e-02
4.429525487232127690e-02
8.072726155341219956e-02
3.868820847106717309e-02
6.681183169164586766e-02
7.399729733183214864e-02
8.923656854492503787e-02
5.757229433842261934e-02
4.453473554822687946e-02
5.356716188361825698e-02
5.546742845217371431e-02
1.336782113929499936e-02
5.590553449404852410e-02
4.386997127869082108e-02
4.058986883140137253e-02
5.248470560459238959e-02
3.030659665489864041e-02
2.375809080057662490e-02
4.189652621569228685e-02
9.411202745330972744e-03
5.810907702800435781e-02
5.908155073108655592e-02
8.165594183230118208e-02
7.742999921278506670e-02
5.287614104074832289e-02
2.009387842420557249e-02
4.207600108671624706e-02
3.857983341138632172e-02
7.778136683010743180e-02
3.992092378554711746e-02
2.839422339775053705e-02
2.476743521016917110e-02
7.005621930969062328e-02
5.885810935309542663e-02
2.275096624592323757e-02
5.356374565405274540e-02
8.591385895485181834e-02
6.406208835902806042e-02
3.111317530614574750e-02
4.735677911825778019e-02
3.596973677615206144e-02
3.701776091264057100e-02
2.936245248397051713e-02
4.341914830998563207e-02
5.545821786292488148e-02
4.339271500910273083e-02
1.507680396531196551e-02
2.004094305565421591e-02
3.883287571172709673e-02
5.608327988464799352e-02
9.641348041752427489e-02
8.218409665657312735e-02
8.788291758763037975e-02
6.643663735363593281e-02
6.829447118110704151e-02
6.813997149728544256e-02
3.737867589263000473e-02
3.417481650332385157e-02
5.891604498959306102e-02
6.531022238119056633e-02
6.436088859063696099e-02
5.613056625778538311e-02
2.438262816319241091e-02
5.631886202395797875e-02
3.732088245480120331e-02
2.476558434169375336e-02
6.440809527191891648e-02
1.005015481759795326e-01
6.404117033340268883e-02
3.226977614849221854e-02
4.420121161729685666e-02
3.792353496041338257e-02
1.519540855471199041e-02
3.312370321373146048e-02
2.950067102250871279e-02
5.351211662062099056e-02
6.839037600470160294e-02
4.789592448706556788e-02
2.037187768558048132e-02
4.915544454039871836e-02
4.349979657797389820e-02
3.152946763949935477e-02
7.972777426258455258e-02
4.720005135980852307e-02
7.337198801670413717e-02
8.813742197521237665e-02
8.108439547317054796e-02
2.204056856873147160e-02
4.819674723891068102e-02
5.801772994960194968e-02
4.801429852358973099e-02
6.022461325263731707e-02
3.427412460494405622e-02
5.028721247263712862e-02
5.474207477833465535e-02
1.980870599278046137e-02
2.392597175263284914e-02
4.497149144218048206e-02
5.977108641313217535e-02
6.642317859753871234e-02
7.162414413693515836e-02
3.529365016902003688e-02
3.223740603408091487e-02
5.268464938384166685e-02
3.563854555177445316e-02
6.753221737934354818e-02
5.114198007949265212e-02
6.461364674892362825e-02
8.630038509650075906e-02
6.080743576472609491e-02
3.997295915114715270e-02
5.481419858205445472e-02
2.420983206052223363e-02
8.961043399635508500e-02
3.721722311447517306e-02
2.843381459355762836e-02
1.796189230024068662e-02
1.937500317699319616e-02
2.526889064830952283e-02
5.434543847169193143e-02
5.494721010108320064e-02
1.427135576447955377e-02
1.878531446256806806e-02
5.600685911844085346e-02
7.518796516296134824e-02
6.734664107863545801e-02
4.267771374309174692e-02
4.463859406458156598e-02
4.633873912308170140e-02
5.419023764565938234e-02
1.768879107800407774e-02
6.294074480912126290e-02
4.474298296106536676e-02
3.107041471195105820e-02
2.484426299507204450e-02
1.063651326368345376e-02
2.113757905978006987e-02
4.248503941756540808e-02
8.766408791886368124e-02
5.863832837234879414e-02
1.532222252572693622e-01
3.827935066838049627e-01
8.542643073159684741e-01
1.246912610429298462e+00
1.066689807338368823e+00
6.079528283531773214e-01
1.488739766384876706e-01
3.987803208452386783e-01
1.960519035919114361e-01
9.827082409611877234e-02
2.527037449834701813e-02
6.693880505609318965e-02
1.048590921380970764e-01
5.327096414181566042e-02
1.021583885627286858e-01
4.700922631524361017e-02
8.242665595505579978e-02
1.760445685742277333e-01
3.652393790234718940e-02
2.927081691789929982e-02
9.451484536854487528e-02
1.144546241237555245e-01
7.647987770245580352e-02
7.536501454649784104e-02
7.845498523668527346e-02
8.500751735751393978e-02
1.007537400947087214e-01
9.082378576182215113e-02
1.289054292447864847e-01
7.312379540627005070e-02
6.987547076387895517e-02
1.371852221967120034e-01
1.236819546233542261e-01
5.195328219671786069e-02
5.899463978252572627e-02
2.910302604611924027e-01
1.494649129579906643e-01
1.887373044009715006e-01
1.738088233336891886e-01
2.540203411364350128e-01
3.835628789558767626e-02
1.499769281089379513e-01
9.243001758974379867e-02
1.566878261787538196e-01
5.872095446919853301e-02
1.686385279941996773e-01
1.684974962455173531e-01
9.803293071909022216e-02
1.718085887232556341e-01
1.389344963297559354e-01
7.811205122569937764e-02
9.656041322344634248e-02
8.954494679244115463e-02
1.049711297328697474e-01
1.581893803151096234e-01
1.124651587433395522e-01
1.567782753873168400e-01
2.167949553973291810e-02
1.127921967709212131e-01
1.095094979644857802e-01
9.841113648759795829e-02
7.182367056145620710e-02
9.414254575758186638e-02
3.724902948990536089e-01
2.119551200091068510e-01
8.467203306686080233e-02
6.912163905158401345e-02
1.804784013558543843e-01
1.493888352671074726e-01
7.410340446045478313e-02
2.078577737936268266e-01
1.786076487944608382e-01
4.512956340607539307e-02
2.007507470646939240e-01
1.665644165699017576e-01
8.353238313470683074e-02
8.235010417421136097e-02
7.431631746930288107e-02
1.955178312595968748e-01
3.360870265209082719e-01
1.760316352336761259e-01
3.740669770153412510e-01
2.812155901217965881e-01
1.569092490947961438e-01
8.085858778566587524e-02
2.979228879939339603e-01
2.831870229307744125e-01
2.184671324875153975e-01
3.379563686783545462e-01
1.316518237887306375e-01
9.887959218193199951e-02
6.337073363211902233e-02
1.612950811832608855e-01
2.177864909785883207e-01
2.441167563549274250e-02
2.348249121310154175e-01
2.181614534056410537e-01
2.760267321955876818e-02
8.006191156611784654e-02
2.969305510247696733e-01
3.928478520115496475e-01
1.570964855885196576e-01
2.902064614274561527e-01
2.706484181168289371e-01
1.435915397297581053e-01
8.883872138823654951e-02
4.372081669552864425e-02
2.704479401532438598e-01
3.234342852559650150e-01
1.948828519801575343e-01
3.519607772220769148e-01
1.643696648860334952e-01
9.647244196664818416e-02
2.342055115287134670e-01
2.126377793775159619e-01
6.976331852128375699e-02
2.911363921139463740e-01
1.552893966708427664e-01
6.038560488040038005e-02
1.019386802168526646e-01
1.679103799602204017e-01
1.367574400086830622e-01
5.814006023915580662e-02
1.603125324599549983e-01
9.718537629986226389e-02
2.092764120373014625e-01
1.170398331295435940e-01
2.539337436342724574e-01
9.238678432895204573e-02
1.082242241162335306e-01
2.117771937756630363e-01
1.084609443680177865e-01
1.610747873718509637e-01
2.380012535638791338e-01
1.467349853334479481e-01
2.726656740480689067e-01
3.000550742614667699e-01
2.437325311361753510e-01
2.454691234333526428e-01
1.093019369188470563e-01
1.008921147207646890e-01
1.587988560250001846e-01
3.068371310305629263e-01
4.980171308002528940e-02
2.924474472948834225e-01
2.304267419866388444e-01
4.397505576448225428e-02
7.690604019754547493e-02
8.398043108055032457e-02
1.611992737343483639e-01
2.298157861512059863e-01
3.006828815954886713e-01
2.338105399450871313e-01
2.638532006815039188e-01
1.956151371711775944e-01
2.117893157734944687e-01
1.902485276861262953e-01
2.179225998286514754e-01
1.917121453484999238e-01
7.222648686855275002e-02
1.172846325266174855e-01
1.920343813030769009e-01
5.380912904221171050e-02
1.337568506782935707e-01
4.390777342451647469e-02
6.796877782275466406e-02
1.557410245556893336e-01
2.548455055141872205e-01
1.517405922416508457e-01
8.285427604669913515e-02
1.708886087299189560e-01
2.854796450227212734e-01
9.632612315300771721e-02
5.327648734803954594e-02
1.791957336644116883e-01
1.973210496134322200e-01
1.435743348879756909e-01
1.604829918132743560e-01
1.077029734122125354e-01
1.820478218668782067e-01
1.381144489364790340e-01
2.012508357973269435e-01
2.706225476251250539e-01
1.340595254467651931e-01
2.344834436914185749e-01
1.262842195945405310e-01
1.915186387167092386e-01
4.271762025284611131e-01
2.521518825577503398e-01
1.658418324909549657e-01
1.530052590670865631e-01
1.278730885169414577e-01
1.125316120401806397e-01
1.887865173082048376e-01
1.119900825455471399e-01
1.210200845082594623e-01
1.688186759432314388e-01
1.565412262497684337e-01
1.398600011028466317e-01
7.701877006026909556e-02
1.056437404609696096e-01
5.518311722775148809e-02
5.908074118275603859e-02
4.829405372325021317e-02
1.034686988254047146e-01
6.996673436719118289e-02
7.443759313373511655e-02
8.879845710109185442e-02
9.931023895278051627e-02
1.360288989670936366e-01
1.439023054380959843e-01
5.872851842598340172e-02
4.778495706275429772e-02
9.617812804359263112e-02
9.126801689472301138e-02
1.463788575896179667e-01
9.077755137792624385e-02
1.581386188951426630e-01
1.828564068149296229e-01
1.211443391662421210e-01
1.330350561793741948e-01
1.895649993148904866e-01
1.860380789239985677e-01
1.133913751326104530e-01
5.311565960085605498e-02
1.755174502476190557e-01
6.076636370388976971e-02
1.653826235712145820e-01
3.945816816920717091e-02
1.500231402014129967e-01
2.489414844333718776e-02
1.833477148968824522e-01
7.270170210050043436e-02
1.427696679322283668e-01
7.847738214738005091e-02
9.014436049314726584e-02
8.673320346820347082e-02
1.377963380744199884e-01
9.434998739135397328e-02
9.174245786974535855e-02
6.059636462869451290e-02
7.466213953288496075e-02
8.675508047083571594e-02
7.422369610080475910e-02
3.395827520397926014e-02
4.544195385204805038e-02
5.610325475227221498e-02
6.570379485900099126e-02
7.025531860440052678e-02
5.411087857055567329e-02
5.835371954957584151e-02
3.895851195066009354e-02
6.148277160779126033e-02
3.197818901444065415e-02
2.162538915061868947e-02
6.634377112419917455e-02
9.150963090659626487e-02
1.380600030589589633e-01
2.057598281883740166e-01
1.139832956941860681e-01
9.876978699878344314e-02
1.203812427914091598e-01
7.721335581545592242e-02
1.361496858299691970e-01
1.859605872674210680e-01
1.213473677731178729e-01
9.875739388724105727e-02
1.248363828701011952e-01
