3.820000000000000000e+04
3.823600000000000000e+04
3.820500000000000000e+04
3.820000000000000000e+04
3.820900000000000000e+04
3.820600000000000000e+04
3.819400000000000000e+04
3.818600000000000000e+04
3.820600000000000000e+04
3.819800000000000000e+04
3.820900000000000000e+04
3.822800000000000000e+04
3.825200000000000000e+04
3.825500000000000000e+04
3.824800000000000000e+04
3.824300000000000000e+04
3.824100000000000000e+04
3.824300000000000000e+04
3.820300000000000000e+04
3.819400000000000000e+04
3.827600000000000000e+04
3.820300000000000000e+04
3.826400000000000000e+04
3.826600000000000000e+04
3.822200000000000000e+04
3.827100000000000000e+04
3.825700000000000000e+04
3.824900000000000000e+04
3.823400000000000000e+04
3.824700000000000000e+04
3.824900000000000000e+04
3.821500000000000000e+04
3.819000000000000000e+04
3.821900000000000000e+04
3.823000000000000000e+04
3.824400000000000000e+04
3.822500000000000000e+04
3.824300000000000000e+04
3.823200000000000000e+04
3.825100000000000000e+04
3.820300000000000000e+04
3.820400000000000000e+04
3.824600000000000000e+04
3.822700000000000000e+04
3.821900000000000000e+04
3.823200000000000000e+04
3.823500000000000000e+04
3.824200000000000000e+04
3.823900000000000000e+04
3.825200000000000000e+04
3.821200000000000000e+04
3.825600000000000000e+04
3.823100000000000000e+04
3.821500000000000000e+04
3.823100000000000000e+04
3.825900000000000000e+04
3.824800000000000000e+04
3.824200000000000000e+04
3.829000000000000000e+04
3.825300000000000000e+04
3.821200000000000000e+04
3.822000000000000000e+04
3.824100000000000000e+04
3.823200000000000000e+04
3.823400000000000000e+04
3.823100000000000000e+04
3.828700000000000000e+04
3.824600000000000000e+04
3.824000000000000000e+04
3.825200000000000000e+04
3.822000000000000000e+04
3.824500000000000000e+04
3.825900000000000000e+04
3.822800000000000000e+04
3.823800000000000000e+04
3.822300000000000000e+04
3.821700000000000000e+04
3.826700000000000000e+04
3.821700000000000000e+04
3.824800000000000000e+04
3.824300000000000000e+04
3.822100000000000000e+04
3.823600000000000000e+04
3.823600000000000000e+04
3.823600000000000000e+04
3.821600000000000000e+04
3.822700000000000000e+04
3.823900000000000000e+04
3.823600000000000000e+04
3.826800000000000000e+04
3.821100000000000000e+04
3.823100000000000000e+04
3.820100000000000000e+04
3.825100000000000000e+04
3.825300000000000000e+04
3.824000000000000000e+04
3.823700000000000000e+04
3.823300000000000000e+04
3.824100000000000000e+04
3.822900000000000000e+04
3.827200000000000000e+04
3.825500000000000000e+04
3.824000000000000000e+04
3.824500000000000000e+04
3.827500000000000000e+04
3.828100000000000000e+04
3.828200000000000000e+04
3.827300000000000000e+04
3.833100000000000000e+04
3.829400000000000000e+04
3.834300000000000000e+04
3.831100000000000000e+04
3.833500000000000000e+04
3.837600000000000000e+04
3.835900000000000000e+04
3.838700000000000000e+04
3.839500000000000000e+04
3.845200000000000000e+04
3.845800000000000000e+04
3.851100000000000000e+04
3.861100000000000000e+04
3.866100000000000000e+04
3.876300000000000000e+04
3.878400000000000000e+04
3.888600000000000000e+04
3.909000000000000000e+04
3.912600000000000000e+04
3.942100000000000000e+04
3.962200000000000000e+04
3.963400000000000000e+04
3.977600000000000000e+04
4.003900000000000000e+04
4.083900000000000000e+04
4.311800000000000000e+04
5.274500000000000000e+04
5.604000000000000000e+04
5.612700000000000000e+04
5.592900000000000000e+04
5.601000000000000000e+04
5.610800000000000000e+04
5.608100000000000000e+04
5.614100000000000000e+04
5.614000000000000000e+04
5.611300000000000000e+04
5.613900000000000000e+04
5.611900000000000000e+04
5.601400000000000000e+04
5.601800000000000000e+04
5.599900000000000000e+04
5.585400000000000000e+04
5.581600000000000000e+04
5.585000000000000000e+04
5.584300000000000000e+04
5.590700000000000000e+04
5.584400000000000000e+04
5.588700000000000000e+04
5.611100000000000000e+04
5.593200000000000000e+04
5.562100000000000000e+04
5.595800000000000000e+04
5.579400000000000000e+04
5.572900000000000000e+04
5.582400000000000000e+04
5.571400000000000000e+04
5.577300000000000000e+04
5.598300000000000000e+04
5.616900000000000000e+04
5.597500000000000000e+04
5.605000000000000000e+04
5.607600000000000000e+04
5.594000000000000000e+04
5.607500000000000000e+04
5.605800000000000000e+04
5.608500000000000000e+04
5.610600000000000000e+04
5.596600000000000000e+04
5.617300000000000000e+04
5.620300000000000000e+04
5.622400000000000000e+04
5.618800000000000000e+04
5.621700000000000000e+04
5.615600000000000000e+04
5.617100000000000000e+04
5.607600000000000000e+04
5.612400000000000000e+04
5.614500000000000000e+04
5.606600000000000000e+04
5.606700000000000000e+04
5.610300000000000000e+04
5.614100000000000000e+04
5.609800000000000000e+04
5.609900000000000000e+04
5.605600000000000000e+04
5.609200000000000000e+04
5.611600000000000000e+04
5.613000000000000000e+04
5.608400000000000000e+04
5.610900000000000000e+04
5.606600000000000000e+04
5.607300000000000000e+04
5.607500000000000000e+04
5.610500000000000000e+04
5.607400000000000000e+04
5.604300000000000000e+04
5.605100000000000000e+04
5.608200000000000000e+04
5.602300000000000000e+04
5.607400000000000000e+04
5.606500000000000000e+04
5.602200000000000000e+04
5.603300000000000000e+04
5.603000000000000000e+04
5.602200000000000000e+04
5.603100000000000000e+04
5.607500000000000000e+04
5.607700000000000000e+04
5.601200000000000000e+04
5.598500000000000000e+04
5.602000000000000000e+04
5.606500000000000000e+04
5.611800000000000000e+04
5.614300000000000000e+04
5.607800000000000000e+04
5.603500000000000000e+04
5.603300000000000000e+04
5.605200000000000000e+04
5.604300000000000000e+04
5.604900000000000000e+04
5.607100000000000000e+04
5.603700000000000000e+04
5.605300000000000000e+04
5.601700000000000000e+04
5.602700000000000000e+04
5.609600000000000000e+04
5.610600000000000000e+04
5.607200000000000000e+04
5.607000000000000000e+04
5.609100000000000000e+04
5.610900000000000000e+04
5.606500000000000000e+04
5.614700000000000000e+04
5.608600000000000000e+04
5.609100000000000000e+04
5.616900000000000000e+04
5.615800000000000000e+04
5.626400000000000000e+04
5.655600000000000000e+04
5.657700000000000000e+04
5.654300000000000000e+04
5.671300000000000000e+04
5.664400000000000000e+04
5.677300000000000000e+04
5.690600000000000000e+04
5.712300000000000000e+04
5.770000000000000000e+04
5.813000000000000000e+04
5.823700000000000000e+04
5.841700000000000000e+04
5.903100000000000000e+04
5.999500000000000000e+04
6.016000000000000000e+04
5.971000000000000000e+04
6.002300000000000000e+04
6.050100000000000000e+04
5.979000000000000000e+04
5.963100000000000000e+04
5.901600000000000000e+04
5.821600000000000000e+04
5.875100000000000000e+04
5.873900000000000000e+04
5.854900000000000000e+04
5.821700000000000000e+04
5.813700000000000000e+04
5.810800000000000000e+04
5.807700000000000000e+04
5.801600000000000000e+04
5.798000000000000000e+04
5.805600000000000000e+04
5.802400000000000000e+04
5.802300000000000000e+04
5.810000000000000000e+04
5.802300000000000000e+04
5.803900000000000000e+04
5.801800000000000000e+04
5.801500000000000000e+04
5.804700000000000000e+04
5.799900000000000000e+04
5.802400000000000000e+04
5.801300000000000000e+04
5.804700000000000000e+04
5.800500000000000000e+04
5.804800000000000000e+04
5.800800000000000000e+04
5.798400000000000000e+04
5.802700000000000000e+04
5.801100000000000000e+04
5.802900000000000000e+04
5.804700000000000000e+04
5.805800000000000000e+04
5.766000000000000000e+04
5.771400000000000000e+04
5.771100000000000000e+04
5.778400000000000000e+04
5.774100000000000000e+04
5.766700000000000000e+04
5.771300000000000000e+04
5.770800000000000000e+04
5.768200000000000000e+04
5.753900000000000000e+04
5.756300000000000000e+04
5.754100000000000000e+04
5.760600000000000000e+04
5.762400000000000000e+04
5.757100000000000000e+04
5.757700000000000000e+04
5.755200000000000000e+04
5.754300000000000000e+04
5.758500000000000000e+04
5.754600000000000000e+04
5.758700000000000000e+04
5.754400000000000000e+04
5.757000000000000000e+04
5.756300000000000000e+04
5.757100000000000000e+04
5.758800000000000000e+04
5.758100000000000000e+04
5.753700000000000000e+04
5.753700000000000000e+04
5.757300000000000000e+04
5.762600000000000000e+04
5.758500000000000000e+04
5.755100000000000000e+04
5.759800000000000000e+04
5.752400000000000000e+04
5.757000000000000000e+04
5.754500000000000000e+04
5.756900000000000000e+04
5.755000000000000000e+04
5.757900000000000000e+04
5.758800000000000000e+04
5.757200000000000000e+04
5.758000000000000000e+04
5.760500000000000000e+04
5.762000000000000000e+04
5.757900000000000000e+04
5.759000000000000000e+04
5.762000000000000000e+04
5.760100000000000000e+04
5.758800000000000000e+04
5.760700000000000000e+04
5.758900000000000000e+04
5.760200000000000000e+04
5.755300000000000000e+04
5.759000000000000000e+04
5.759800000000000000e+04
5.756300000000000000e+04
5.763200000000000000e+04
5.761400000000000000e+04
5.759800000000000000e+04
5.758600000000000000e+04
5.764600000000000000e+04
5.758100000000000000e+04
5.758600000000000000e+04
5.759100000000000000e+04
5.757700000000000000e+04
5.760000000000000000e+04
5.760500000000000000e+04
5.761300000000000000e+04
5.762500000000000000e+04
5.760700000000000000e+04
5.760100000000000000e+04
5.762600000000000000e+04
5.757800000000000000e+04
5.758200000000000000e+04
5.758600000000000000e+04
5.759600000000000000e+04
5.759200000000000000e+04
5.758900000000000000e+04
5.758000000000000000e+04
5.757200000000000000e+04
5.759800000000000000e+04
5.755600000000000000e+04
5.755500000000000000e+04
5.761200000000000000e+04
4.910200000000000000e+04
3.942000000000000000e+04
3.891900000000000000e+04
3.869100000000000000e+04
3.871700000000000000e+04
3.877800000000000000e+04
3.867200000000000000e+04
3.858400000000000000e+04
3.846900000000000000e+04
3.839600000000000000e+04
3.833800000000000000e+04
3.830900000000000000e+04
3.831700000000000000e+04
3.829300000000000000e+04
3.823700000000000000e+04
3.817100000000000000e+04
3.822200000000000000e+04
3.818500000000000000e+04
3.820500000000000000e+04
3.821700000000000000e+04
3.823100000000000000e+04
3.822300000000000000e+04
3.824800000000000000e+04
3.823800000000000000e+04
3.821100000000000000e+04
3.822300000000000000e+04
3.819800000000000000e+04
3.821600000000000000e+04
3.819000000000000000e+04
3.819000000000000000e+04
3.820100000000000000e+04
3.818600000000000000e+04
3.819100000000000000e+04
3.819000000000000000e+04
3.818800000000000000e+04
3.820100000000000000e+04
3.814900000000000000e+04
3.820800000000000000e+04
3.818600000000000000e+04
3.815300000000000000e+04
3.821600000000000000e+04
3.815200000000000000e+04
3.816000000000000000e+04
3.818900000000000000e+04
3.819900000000000000e+04
3.817200000000000000e+04
3.818800000000000000e+04
3.817500000000000000e+04
3.819600000000000000e+04
