3.393200000000000000e+04
3.391800000000000000e+04
3.394700000000000000e+04
3.396600000000000000e+04
3.395600000000000000e+04
3.395200000000000000e+04
3.396600000000000000e+04
3.393200000000000000e+04
3.395300000000000000e+04
3.395400000000000000e+04
3.395300000000000000e+04
3.394900000000000000e+04
3.395500000000000000e+04
3.396500000000000000e+04
3.396600000000000000e+04
3.396200000000000000e+04
3.393600000000000000e+04
3.395600000000000000e+04
3.396300000000000000e+04
3.396000000000000000e+04
3.396000000000000000e+04
3.395500000000000000e+04
3.395200000000000000e+04
3.393600000000000000e+04
3.394300000000000000e+04
3.396300000000000000e+04
3.394000000000000000e+04
3.394400000000000000e+04
3.394300000000000000e+04
3.396600000000000000e+04
3.397700000000000000e+04
3.395100000000000000e+04
3.396300000000000000e+04
3.394600000000000000e+04
3.396100000000000000e+04
3.394500000000000000e+04
3.397600000000000000e+04
3.397600000000000000e+04
3.398300000000000000e+04
3.395600000000000000e+04
3.397400000000000000e+04
3.398000000000000000e+04
3.395900000000000000e+04
3.398100000000000000e+04
3.395500000000000000e+04
3.396400000000000000e+04
3.394900000000000000e+04
3.397100000000000000e+04
3.396600000000000000e+04
3.397800000000000000e+04
3.396200000000000000e+04
3.395800000000000000e+04
3.400100000000000000e+04
3.396500000000000000e+04
3.394700000000000000e+04
3.397400000000000000e+04
3.398500000000000000e+04
3.398700000000000000e+04
3.394700000000000000e+04
3.397000000000000000e+04
3.395100000000000000e+04
3.396700000000000000e+04
3.397400000000000000e+04
3.395600000000000000e+04
3.395300000000000000e+04
3.397000000000000000e+04
3.395000000000000000e+04
3.397100000000000000e+04
3.398200000000000000e+04
3.395100000000000000e+04
3.391400000000000000e+04
3.395300000000000000e+04
3.400200000000000000e+04
3.394600000000000000e+04
3.394700000000000000e+04
3.395000000000000000e+04
3.395100000000000000e+04
3.397200000000000000e+04
3.397000000000000000e+04
3.393700000000000000e+04
3.394400000000000000e+04
3.393200000000000000e+04
3.394500000000000000e+04
3.397600000000000000e+04
3.395800000000000000e+04
3.393900000000000000e+04
3.395300000000000000e+04
3.395000000000000000e+04
3.392300000000000000e+04
3.393100000000000000e+04
3.397100000000000000e+04
3.395600000000000000e+04
3.398800000000000000e+04
3.395500000000000000e+04
3.391800000000000000e+04
3.395600000000000000e+04
3.396600000000000000e+04
3.393300000000000000e+04
3.397800000000000000e+04
3.397600000000000000e+04
3.395700000000000000e+04
3.398700000000000000e+04
3.397700000000000000e+04
3.399200000000000000e+04
3.398300000000000000e+04
3.394200000000000000e+04
3.398300000000000000e+04
3.400900000000000000e+04
3.400300000000000000e+04
3.400500000000000000e+04
3.401100000000000000e+04
3.404300000000000000e+04
3.406000000000000000e+04
3.410100000000000000e+04
3.415800000000000000e+04
3.426200000000000000e+04
3.437400000000000000e+04
3.459600000000000000e+04
3.488200000000000000e+04
3.552000000000000000e+04
3.638400000000000000e+04
3.736000000000000000e+04
3.834000000000000000e+04
3.928700000000000000e+04
3.900700000000000000e+04
3.922000000000000000e+04
4.139400000000000000e+04
3.975400000000000000e+04
3.888800000000000000e+04
3.849000000000000000e+04
3.801800000000000000e+04
3.978400000000000000e+04
4.503500000000000000e+04
5.666100000000000000e+04
6.546200000000000000e+04
6.584600000000000000e+04
6.564700000000000000e+04
6.556200000000000000e+04
6.571200000000000000e+04
6.567200000000000000e+04
6.568100000000000000e+04
6.577500000000000000e+04
6.568500000000000000e+04
6.566100000000000000e+04
6.572700000000000000e+04
6.570600000000000000e+04
6.563900000000000000e+04
6.547800000000000000e+04
6.536800000000000000e+04
6.545400000000000000e+04
6.531500000000000000e+04
6.526200000000000000e+04
6.547100000000000000e+04
6.548100000000000000e+04
6.541000000000000000e+04
6.552400000000000000e+04
6.564000000000000000e+04
6.515900000000000000e+04
6.535800000000000000e+04
6.536900000000000000e+04
6.528400000000000000e+04
6.535800000000000000e+04
6.535000000000000000e+04
6.528000000000000000e+04
6.529000000000000000e+04
6.578100000000000000e+04
6.564900000000000000e+04
6.542400000000000000e+04
6.554600000000000000e+04
6.551200000000000000e+04
6.544500000000000000e+04
6.559500000000000000e+04
6.555400000000000000e+04
6.553400000000000000e+04
6.553000000000000000e+04
6.579600000000000000e+04
6.589900000000000000e+04
6.570200000000000000e+04
6.578500000000000000e+04
6.569800000000000000e+04
6.550900000000000000e+04
6.526500000000000000e+04
6.530900000000000000e+04
6.532100000000000000e+04
6.536500000000000000e+04
6.536300000000000000e+04
6.544000000000000000e+04
6.536100000000000000e+04
6.532100000000000000e+04
6.532700000000000000e+04
6.535600000000000000e+04
6.544200000000000000e+04
6.540100000000000000e+04
6.534000000000000000e+04
6.527800000000000000e+04
6.529900000000000000e+04
6.540300000000000000e+04
6.534400000000000000e+04
6.533700000000000000e+04
6.542500000000000000e+04
6.537600000000000000e+04
6.530600000000000000e+04
6.536000000000000000e+04
6.537400000000000000e+04
6.540000000000000000e+04
6.537100000000000000e+04
6.538300000000000000e+04
6.530700000000000000e+04
6.541200000000000000e+04
6.535900000000000000e+04
6.532100000000000000e+04
6.533500000000000000e+04
6.538800000000000000e+04
6.537500000000000000e+04
6.534400000000000000e+04
6.537000000000000000e+04
6.534600000000000000e+04
6.536000000000000000e+04
6.535600000000000000e+04
6.537100000000000000e+04
6.534800000000000000e+04
6.525800000000000000e+04
6.539200000000000000e+04
6.520200000000000000e+04
6.532500000000000000e+04
6.533500000000000000e+04
6.539500000000000000e+04
6.538700000000000000e+04
6.528900000000000000e+04
6.535700000000000000e+04
6.536000000000000000e+04
6.540300000000000000e+04
6.532100000000000000e+04
6.546500000000000000e+04
6.546500000000000000e+04
6.538500000000000000e+04
6.536800000000000000e+04
6.536300000000000000e+04
6.540000000000000000e+04
6.539800000000000000e+04
6.531700000000000000e+04
6.542000000000000000e+04
6.535100000000000000e+04
6.538400000000000000e+04
6.538800000000000000e+04
6.545800000000000000e+04
6.541000000000000000e+04
6.601100000000000000e+04
6.576900000000000000e+04
6.531000000000000000e+04
6.522000000000000000e+04
6.467300000000000000e+04
6.270700000000000000e+04
5.809200000000000000e+04
5.499300000000000000e+04
5.485900000000000000e+04
5.475500000000000000e+04
5.464500000000000000e+04
5.448400000000000000e+04
5.471600000000000000e+04
5.640100000000000000e+04
5.825800000000000000e+04
5.879400000000000000e+04
5.605600000000000000e+04
5.483200000000000000e+04
5.299400000000000000e+04
5.220700000000000000e+04
5.253900000000000000e+04
5.342000000000000000e+04
5.363800000000000000e+04
5.396400000000000000e+04
5.402900000000000000e+04
5.404400000000000000e+04
5.405100000000000000e+04
5.396600000000000000e+04
5.396100000000000000e+04
5.396600000000000000e+04
5.395900000000000000e+04
5.401600000000000000e+04
5.398800000000000000e+04
5.396700000000000000e+04
5.401900000000000000e+04
5.406400000000000000e+04
5.400400000000000000e+04
5.398400000000000000e+04
5.399400000000000000e+04
5.394700000000000000e+04
5.400000000000000000e+04
5.396800000000000000e+04
5.398500000000000000e+04
5.401900000000000000e+04
5.398900000000000000e+04
5.399700000000000000e+04
5.392400000000000000e+04
5.397600000000000000e+04
5.401400000000000000e+04
5.402500000000000000e+04
5.408100000000000000e+04
5.540200000000000000e+04
5.414000000000000000e+04
5.422500000000000000e+04
5.436200000000000000e+04
5.437000000000000000e+04
5.442200000000000000e+04
5.437400000000000000e+04
5.437400000000000000e+04
5.437700000000000000e+04
5.464500000000000000e+04
5.469800000000000000e+04
5.465600000000000000e+04
5.473500000000000000e+04
5.476100000000000000e+04
5.472600000000000000e+04
5.479500000000000000e+04
5.480700000000000000e+04
5.475400000000000000e+04
5.474800000000000000e+04
5.475300000000000000e+04
5.474700000000000000e+04
5.470500000000000000e+04
5.472800000000000000e+04
5.471000000000000000e+04
5.475600000000000000e+04
5.471100000000000000e+04
5.477900000000000000e+04
5.476900000000000000e+04
5.471800000000000000e+04
5.465100000000000000e+04
5.471800000000000000e+04
5.477500000000000000e+04
5.476500000000000000e+04
5.477100000000000000e+04
5.479300000000000000e+04
5.478200000000000000e+04
5.480800000000000000e+04
5.478700000000000000e+04
5.474400000000000000e+04
5.479000000000000000e+04
5.477500000000000000e+04
5.479100000000000000e+04
5.479600000000000000e+04
5.476600000000000000e+04
5.476600000000000000e+04
5.481400000000000000e+04
5.480800000000000000e+04
5.484500000000000000e+04
5.479400000000000000e+04
5.483600000000000000e+04
5.481500000000000000e+04
5.482900000000000000e+04
5.485200000000000000e+04
5.486100000000000000e+04
5.483400000000000000e+04
5.484700000000000000e+04
5.483500000000000000e+04
5.482800000000000000e+04
5.480300000000000000e+04
5.481200000000000000e+04
5.480500000000000000e+04
5.483700000000000000e+04
5.482400000000000000e+04
5.482000000000000000e+04
5.482600000000000000e+04
5.481400000000000000e+04
5.482000000000000000e+04
5.481000000000000000e+04
5.482100000000000000e+04
5.483000000000000000e+04
5.480100000000000000e+04
5.481000000000000000e+04
5.481000000000000000e+04
5.480600000000000000e+04
5.483500000000000000e+04
5.482000000000000000e+04
5.483000000000000000e+04
5.480800000000000000e+04
5.481600000000000000e+04
5.484100000000000000e+04
5.482700000000000000e+04
5.481400000000000000e+04
5.479400000000000000e+04
5.481300000000000000e+04
5.484000000000000000e+04
5.339100000000000000e+04
3.941200000000000000e+04
3.469800000000000000e+04
3.427300000000000000e+04
3.422100000000000000e+04
3.414800000000000000e+04
3.419000000000000000e+04
3.414600000000000000e+04
3.414000000000000000e+04
3.410000000000000000e+04
3.408500000000000000e+04
3.404900000000000000e+04
3.405700000000000000e+04
3.401400000000000000e+04
3.396400000000000000e+04
3.400100000000000000e+04
3.400500000000000000e+04
3.399500000000000000e+04
3.397900000000000000e+04
3.396500000000000000e+04
3.399000000000000000e+04
3.396100000000000000e+04
3.398800000000000000e+04
3.398300000000000000e+04
3.398500000000000000e+04
3.398900000000000000e+04
3.401600000000000000e+04
3.396100000000000000e+04
3.397800000000000000e+04
3.397400000000000000e+04
3.394500000000000000e+04
3.396500000000000000e+04
3.395300000000000000e+04
3.394500000000000000e+04
3.396800000000000000e+04
3.397900000000000000e+04
3.398600000000000000e+04
3.398600000000000000e+04
3.396500000000000000e+04
3.398100000000000000e+04
3.395900000000000000e+04
3.395000000000000000e+04
3.395900000000000000e+04
3.395500000000000000e+04
3.397100000000000000e+04
3.395500000000000000e+04
3.394900000000000000e+04
3.396800000000000000e+04
3.395100000000000000e+04
3.395900000000000000e+04
