  7758  6129  5852  5576  7073  5682  6155  7183  6039  6252  5063  5737  5414  5071  4974  9115
  7753  6125  5845  5576  7083  5672  6156  7180  6038  6250  5069  5735  5412  5074  4981  9114
  7755  6125  5848  5582  7072  5664  6151  7186  6043  6247  5065  5737  5416  5071  4977  9131
  7756  6129  5845  5580  7079  5658  6151  7179  6041  6244  5067  5733  5413  5073  4966  9138
  7753  6128  5850  5579  7078  5669  6156  7185  6042  6254  5066  5734  5418  5071  4971  9151
  7757  6128  5857  5575  7070  5671  6150  7176  6041  6249  5068  5734  5406  5073  4973  9137
  7753  6129  5850  5577  7073  5666  6157  7183  6038  6247  5073  5727  5413  5072  4988  9137
  7757  6133  5852  5576  7076  5671  6146  7162  6041  6249  5073  5735  5410  5074  4983  9126
  7749  6128  5841  5580  7083  5670  6156  7181  6040  6249  5068  5733  5415  5072  4982  9146
  7756  6130  5851  5578  7080  5665  6149  7176  6040  6246  5069  5732  5402  5069  4979  9164
  7754  6131  5851  5582  7076  5702  6150  7199  6039  6248  5065  5735  5414  5076  4965  9155
  7755  6127  5847  5582  7075  5685  6151  7183  6041  6248  5066  5736  5416  5074  4979  9143
  7756  6125  5850  5580  7070  5665  6151  7179  6038  6246  5068  5732  5418  5071  4982  9146
  7753  6127  5851  5580  7078  5658  6155  7184  6035  6261  5067  5717  5413  5065  4993  9203
  7753  6130  5850  5583  7073  5661  6149  7184  6034  6255  5067  5734  5415  5070  4964  9235
  7755  6130  5845  5581  7086  5662  6152  7183  6039  6252  5071  5735  5416  5072  4978  9236
  7758  6128  5843  5578  7082  5662  6157  7188  6044  6252  5066  5733  5434  5075  4970  9223
  7756  6129  5857  5577  7076  5664  6153  7186  6043  6251  5075  5736  5410  5074  4965  9192
  7762  6122  5847  5580  7071  5663  6152  7177  6038  6248  5065  5731  5405  5071  4965  9223
  7756  6126  5855  5580  7065  5662  6154  7188  6035  6251  5066  5732  5415  5071  4972  9216
  7755  6126  5853  5576  7074  5664  6152  7184  6037  6250  5068  5728  5409  5072  4978  9222
  7757  6131  5845  5578  7064  5668  6154  7183  6038  6252  5067  5734  5415  5073  4976  9212
  7756  6128  5845  5575  7083  5666  6155  7186  6041  6254  5066  5733  5417  5074  4980  9211
  7758  6124  5854  5577  7070  5675  6156  7180  6039  6250  5071  5735  5405  5076  4981  9205
  7756  6125  5855  5579  7079  5709  6154  7185  6041  6253  5065  5734  5413  5082  4969  9245
  7756  6127  5845  5579  7076  5658  6154  7186  6034  6253  5068  5735  5415  5074  4969  9235
  7761  6128  5846  5575  7068  5669  6156  7189  6042  6251  5072  5728  5409  5076  4969  9228
  7754  6123  5846  5579  7074  5658  6156  7189  6036  6251  5065  5720  5413  5064  4972  9223
  7752  6127  5851  5574  7081  5669  6155  7176  6038  6251  5066  5731  5408  5070  4971  9328
  7752  6127  5844  5581  7082  5661  6146  7189  6039  6249  5070  5736  5411  5072  4988  9391
  7755  6128  5852  5578  7079  5678  6158  7193  6038  6254  5068  5732  5426  5075  4971  9464
  7757  6123  5854  5581  7072  5695  6150  7186  6038  6254  5070  5733  5411  5077  4970  9386
  7752  6126  5853  5582  7075  5658  6156  7186  6041  6251  5069  5732  5415  5070  4969  9383
  7752  6123  5855  5582  7068  5667  6154  7190  6037  6247  5066  5735  5415  5074  4978  9339
  7753  6125  5843  5577  7075  5672  6157  7187  6042  6253  5065  5736  5412  5079  4964  9376
  7757  6126  5853  5578  7076  5709  6155  7181  6042  6247  5066  5733  5418  5070  4984  9417
  7753  6121  5848  5579  7079  5673  6154  7190  6042  6257  5072  5735  5417  5077  4981  9409
  7756  6125  5854  5580  7073  5672  6158  7185  6036  6248  5072  5730  5429  5070  4973  9320
  7755  6129  5855  5580  7072  5712  6157  7184  6038  6254  5068  5740  5423  5072  4969  9297
  7758  6127  5847  5580  7082  5660  6153  7191  6040  6251  5066  5735  5407  5072  4981  9330
  7759  6127  5856  5582  7067  5671  6152  7192  6036  6251  5066  5734  5409  5074  4972  9424
  7754  6128  5848  5579  7071  5670  6156  7183  6035  6253  5066  5732  5413  5071  4990  9412
  7757  6124  5849  5579  7078  5673  6153  7178  6038  6250  5067  5728  5407  5076  4974  9361
  7756  6123  5849  5580  7074  5665  6156  7190  6036  6250  5065  5737  5411  5070  4978  9318
  7755  6123  5848  5578  7081  5665  6156  7186  6040  6244  5066  5732  5418  5076  4976  9334
  7759  6123  5848  5581  7085  5664  6157  7186  6042  6251  5067  5732  5408  5077  4974  9351
  7755  6126  5848  5582  7079  5664  6156  7172  6038  6258  5065  5716  5418  5075  4972  9379
  7758  6126  5850  5576  7070  5658  6154  7185  6040  6248  5065  5737  5416  5077  4984  9255
  7760  6128  5849  5558  7081  5669  6154  7187  6041  6252  5067  5732  5414  5077  4982  9006
  7759  6131  5854  5586  7092  5710  6160  7178  6040  6252  5069  5736  5419  5079  4978  8900
  7761  6136  5852  5592  7093  5673  6163  7176  6044  6256  5069  5743  5420  5083  4979  8916
  7761  6133  5856  5587  7094  5676  6166  7185  6043  6256  5069  5734  5454  5078  4974  8984
  7758  6138  5863  5593  7093  5691  6168  7177  6047  6255  5067  5737  5419  5085  4972  8960
  7759  6134  5859  5592  7090  5706  6171  7177  6045  6251  5072  5741  5422  5066  4967  8942
  7764  6135  5860  5590  7085  5704  6165  7179  6043  6253  5069  5738  5421  5079  4981  8940
  7759  6136  5851  5591  7090  5682  6162  7162  6043  6255  5073  5731  5434  5077  4978  8934
  7761  6140  5863  5592  7096  5706  6163  7175  6044  6251  5068  5735  5420  5083  4967  8921
  7761  6136  5860  5590  7093  5680  6164  7174  6041  6256  5072  5740  5426  5085  4989  8853
  7765  6136  5865  5595  7098  5687  6177  7174  6044  6254  5076  5746  5419  5081  4977  8824
  7764  6140  5871  5600  7114  5706  6178  7170  6050  6262  5073  5753  5431  5083  4982  8835
  7777  6144  5877  5606  7112  5697  6175  7169  6049  6270  5078  5753  5438  5089  4985  8915
  7772  6150  5880  5610  7120  5693  6182  7173  6055  6270  5081  5760  5436  5092  4989  9039
  7777  6155  5889  5617  7129  5738  6190  7162  6060  6268  5091  5753  5443  5097  5003  9103
  7785  6155  5892  5620  7136  5710  6196  7166  6064  6286  5091  5775  5446  5106  5009  9176
  7788  6167  5893  5631  7139  5714  6196  7152  6068  6283  5108  5772  5459  5110  5009  9271
  7792  6174  5904  5642  7159  5726  6217  7141  6079  6291  5115  5790  5448  5121  5014  9362
  7797  6181  5918  5650  7163  5733  6220  7155  6081  6307  5125  5805  5478  5132  5017  9396
  7805  6183  5922  5655  7181  5790  6228  7159  6082  6311  5131  5815  5478  5139  5037  9446
  7807  6194  5937  5664  7176  5748  6230  7166  6091  6320  5137  5822  5498  5151  5046  9470
  7811  6197  5943  5662  7204  5796  6245  7159  6101  6337  5159  5849  5521  5158  5052  9554
  7821  6219  5957  5687  7222  5812  6259  7143  6111  6348  5180  5869  5534  5182  5057  9656
  7826  6216  5960  5702  7240  5786  6273  7153  6123  6367  5197  5899  5564  5207  5099  9836
  7836  6230  5978  5718  7254  5810  6286  7154  6137  6390  5229  5932  5582  5230  5114 10112
  7848  6239  5995  5740  7276  5826  6304  7152  6147  6417  5263  5975  5634  5273  5139 10274
  7860  6253  6009  5761  7309  5853  6326  7151  6162  6441  5299  6008  5671  5303  5167 10347
  7866  6270  6030  5779  7321  5874  6344  7147  6179  6468  5332  6045  5711  5337  5200 10499
  7869  6283  6047  5800  7352  5915  6361  7160  6194  6495  5377  6093  5755  5376  5227 10559
  7884  6299  6063  5819  7380  5911  6385  7160  6207  6528  5403  6124  5791  5416  5258 10638
  7899  6310  6086  5845  7421  5947  6417  7160  6228  6562  5457  6189  5838  5467  5311 10711
  7916  6336  6119  5879  7457  5974  6452  7172  6252  6605  5519  6248  5907  5528  5374 10798
  7928  6357  6144  5909  7496  6007  6486  7167  6281  6644  5565  6296  5968  5595  5411 10958
  7942  6374  6159  5993  7525  6035  6515  7176  6299  6678  5605  6352  6007  5622  5457 11045
  7956  6406  6202  5986  7579  6094  6547  7181  6319  6723  5649  6396  6040  5672  5500 11218
  7971  6410  6233  6009  7601  6120  6588  7192  6343  6766  5702  6456  6103  5713  5543 11350
  7984  6451  6263  6047  7659  6182  6635  7178  6365  6805  5757  6526  6171  5791  5590 11427
  8007  6467  6288  6098  7716  6222  6691  7187  6393  6855  5855  6623  6252  5885  5692 11520
  8023  6515  6343  6136  7764  6267  6725  7194  6415  6898  5916  6680  6319  5958  5733 11607
  8039  6535  6372  6170  7808  6292  6762  7197  6439  6947  5960  6723  6361  5999  5768 11685
  8059  6564  6404  6204  7856  6352  6795  7188  6459  6997  6001  6773  6410  6037  5793 11775
  8076  6590  6440  6240  7911  6373  6829  7199  6485  7054  6058  6811  6457  6083  5843 11854
  8091  6613  6462  6274  7933  6441  6856  7206  6519  7116  6115  6880  6526  6133  5886 11965
  8102  6642  6505  6307  7976  6433  6894  7200  6546  7185  6164  6925  6568  6175  5926 12135
  8116  6661  6500  6313  7995  6462  6914  7203  6570  7208  6195  6958  6584  6201  5941 12293
  8131  6688  6540  6359  8013  6531  6957  7209  6590  7229  6215  6954  6593  6217  5954 12409
  8155  6716  6591  6398  8066  6539  6984  7214  6604  7270  6232  6967  6604  6222  5935 12435
  8178  6741  6598  6434  8125  6581  7022  7213  6619  7274  6234  6996  6591  6206  5959 12388
  8197  6761  6627  6456  8151  6638  7044  7214  6629  7279  6248  7025  6600  6207  5940 12309
  8204  6771  6660  6480  8184  6644  7080  7219  6632  7275  6243  7025  6592  6215  5948 12247
  8221  6797  6686  6523  8224  6690  7109  7224  6636  7285  6230  7002  6589  6220  5940 12203
  8238  6824  6720  6555  8286  6714  7152  7234  6637  7280  6227  6990  6580  6208  5946 12216
  8257  6845  6749  6576  8302  6740  7182  7231  6639  7277  6210  6985  6581  6205  5931 12193
  8271  6870  6784  6605  8323  6768  7209  7239  6650  7275  6220  6975  6576  6202  5936 12152
  8285  6880  6810  6626  8355  6784  7233  7242  6653  7283  6219  6967  6573  6193  5919 12112
  8296  6907  6833  6652  8399  6819  7260  7246  6647  7266  6209  6954  6566  6187  5927 12078
  8313  6933  6861  6682  8432  6855  7288  7258  6641  7262  6194  6939  6539  6167  5897 12010
  8331  6953  6834  6709  8470  6881  7332  7257  6648  7255  6182  6914  6540  6158  5895 11880
  8345  6983  6910  6737  8510  6922  7381  7265  6632  7244  6166  6912  6521  6148  5880 11811
  8354  6999  6942  6766  8553  6972  7399  7262  6631  7211  6142  6880  6503  6126  5872 11696
  8373  7021  6958  6806  8595  7009  7438  7265  6622  7202  6128  6881  6488  6106  5858 11620
  8385  7042  6962  6834  8628  7042  7478  7273  6618  7200  6115  6857  6474  6103  5837 11509
  8404  7062  7018  6874  8673  7099  7509  7274  6613  7191  6104  6836  6458  6092  5848 11446
  8408  7078  7024  6919  8701  7094  7560  7281  6609  7172  6104  6837  6459  6085  5815 11413
  8421  7102  7080  6929  8743  7147  7580  7283  6608  7169  6089  6831  6438  6068  5821 11343
  8430  7116  7075  6960  8784  7174  7610  7287  6600  7154  6076  6814  6427  6054  5798 11216
  8443  7142  7107  7000  8819  7210  7665  7289  6589  7145  6056  6799  6411  6032  5777 11055
  8447  7159  7173  7045  8872  7252  7710  7295  6580  7125  6039  6770  6387  6017  5768 10949
  8459  7179  7143  7089  8920  7303  7745  7290  6567  7104  6020  6762  6372  6003  5750 10858
  8468  7205  7224  7114  8962  7382  7803  7293  6562  7095  6008  6735  6363  5982  5744 10768
  8481  7226  7227  7158  8985  7380  7748  7299  6547  7075  5994  6722  6347  5974  5728 10669
  8486  7239  7272  7203  9044  7379  7779  7296  6540  7055  5970  6699  6329  5955  5715 10539
  8493  7276  7338  7249  8989  7410  8006  7301  6528  7035  5948  6685  6305  5927  5692 10397
  8492  7291  7380  7161  9016  7591  7972  7314  6516  7016  5926  6654  6276  5899  5654 10268
  8513  7311  7402  7188  9211  7548  8006  7303  6495  7000  5908  6642  6263  5888  5657 10163
  8500  7361  7276  7211  9170  7564  8022  7295  6492  6983  5891  6617  6232  5868  5632 10009
  8503  7240  7293  7352  9220  7595  8050  7296  6473  6962  5879  6600  6221  5852  5604  9907
  8487  7252  7458  7355  9222  7652  8072  7291  6462  6928  5851  6573  6197  5831  5581  9797
  8486  7297  7419  7371  9256  7639  8075  7293  6449  6907  5812  6539  6170  5793  5549  9618
  8483  7355  7430  7387  9267  7642  8065  7274  6435  6887  5790  6518  6151  5760  5531  9487
  8488  7351  7444  7397  9278  7635  8046  7282  6423  6865  5768  6504  6144  5735  5506  9353
  8467  7345  7445  7395  9264  7620  8027  7268  6412  6842  5750  6467  6099  5711  5481  9178
  8449  7332  7430  7400  9259  7598  7959  7265  6391  6810  5711  6436  6056  5682  5461  9007
  8431  7328  7429  7407  9201  7556  7838  7255  6373  6773  5690  6389  6018  5654  5434  8823
  8408  7290  7420  7383  9170  7496  7726  7217  6361  6742  5653  6376  6004  5634  5403  8667
  8389  7259  7386  7350  9111  7365  7642  7247  6349  6728  5630  6352  5969  5597  5359  8493
  8365  7174  7323  7283  8945  7210  7481  7238  6329  6692  5602  6306  5937  5556  5318  8242
  8326  7109  7240  7133  8794  7096  7323  7227  6315  6673  5567  6258  5894  5510  5299  8113
  8296  7052  7187  7060  8697  6980  7208  7231  6302  6654  5542  6246  5868  5481  5270  7996
  8277  7007  7111  6992  8631  6900  7138  7220  6296  6629  5533  6212  5839  5454  5261  7822
  8235  6918  6985  6849  8449  6722  6977  7206  6278  6596  5473  6163  5781  5414  5226  7637
  8185  6854  6884  6730  8295  6634  6849  7204  6258  6568  5430  6123  5765  5402  5215  7551
  8161  6818  6832  6693  8243  6551  6784  7211  6244  6543  5394  6082  5721  5376  5189  7469
  8130  6756  6752  6584  8146  6431  6689  7190  6228  6520  5373  6060  5714  5358  5170  7368
  8092  6712  6671  6475  8021  6347  6579  7197  6216  6506  5349  6024  5691  5324  5162  7288
  8044  6623  6556  6349  7873  6184  6489  7181  6202  6483  5327  6018  5667  5312  5133  7213
  8004  6561  6458  6240  7756  6102  6428  7176  6191  6481  5319  6009  5644  5293  5123  7187
  7993  6530  6423  6195  7701  6054  6393  7156  6183  6461  5304  5972  5624  5276  5112  7131
  7961  6470  6338  6094  7586  6017  6330  7161  6177  6438  5277  5952  5611  5263  5098  7047
  7930  6412  6249  5998  7485  5911  6282  7174  6160  6422  5263  5930  5592  5229  5080  7005
  7900  6359  6173  5908  7399  5846  6240  7155  6149  6405  5242  5919  5568  5209  5069  6958
  7874  6318  6120  5849  7340  5804  6215  7159  6148  6396  5223  5897  5565  5195  5067  6909
  7857  6295  6082  5803  7304  5793  6199  7151  6135  6377  5207  5873  5545  5195  5044  6867
  7839  6248  6027  5746  7254  5744  6172  7147  6120  6369  5197  5868  5521  5176  5053  6832
  7819  6223  5987  5708  7207  5718  6159  7140  6120  6353  5182  5852  5497  5164  5027  6804
  7808  6207  5963  5685  7176  5738  6148  7135  6119  6351  5171  5845  5504  5164  5026  6770
  7795  6190  5933  5656  7155  5687  6133  7138  6105  6337  5165  5815  5495  5145  5025  6713
  7789  6169  5912  5628  7102  5669  6118  7128  6099  6332  5150  5820  5477  5134  5013  6695
  7774  6156  5891  5609  7095  5670  6116  7131  6092  6319  5149  5805  5478  5132  5005  6670
  7771  6153  5882  5598  7090  5652  6104  7130  6088  6320  5132  5802  5472  5130  5009  6652
  7764  6136  5857  5583  7064  5639  6104  7124  6085  6307  5130  5788  5466  5116  5004  6618
  7755  6123  5850  5572  7052  5619  6099  7115  6078  6295  5123  5782  5477  5110  4999  6593
  7751  6117  5843  5561  7041  5618  6093  7119  6076  6292  5115  5778  5451  5107  4981  6571
  7747  6108  5833  5559  7030  5616  6089  7103  6072  6287  5111  5775  5438  5102  4989  6535
  7740  6108  5832  5549  7019  5615  6085  7107  6070  6283  5104  5770  5444  5096  4998  6519
  7736  6105  5820  5541  7018  5621  6081  7117  6066  6286  5106  5761  5437  5085  4999  6506
  7737  6112  5828  5539  7021  5610  6083  7117  6061  6279  5099  5765  5441  5093  4986  6509
  7736  6103  5820  5540  7029  5601  6084  7114  6067  6286  5102  5769  5439  5098  4989  6504
  7733  6105  5822  5547  7018  5605  6081  7120  6067  6280  5103  5756  5454  5095  4996  6513
  7736  6102  5823  5543  7017  5607  6082  7122  6067  6284  5097  5766  5444  5103  4974  6503
  7741  6103  5824  5542  7025  5612  6081  7111  6071  6286  5104  5761  5439  5093  4987  6510
  7734  6106  5824  5544  7007  5606  6080  7116  6066  6276  5105  5771  5439  5100  4985  6502
  7741  6102  5829  5531  7013  5620  6081  7127  6064  6282  5101  5760  5445  5096  4975  6508
  7735  6106  5827  5544  7024  5604  6083  7110  6067  6286  5101  5767  5433  5097  4989  6508
  7738  6101  5822  5543  7012  5605  6081  7119  6066  6285  5098  5765  5444  5093  4994  6502
  7738  6104  5823  5541  7015  5615  6083  7115  6062  6281  5100  5762  5436  5093  4983  6504
  7733  6106  5826  5542  7013  5599  6083  7108  6066  6285  5104  5767  5440  5094  4977  6507
  7738  6107  5822  5544  7016  5608  6081  7111  6065  6289  5107  5764  5432  5090  4990  6506
  7739  6106  5827  5541  7013  5619  6084  7122  6064  6280  5109  5767  5429  5095  4991  6503
  7738  6105  5827  5544  7020  5616  6080  7116  6067  6272  5103  5756  5439  5091  4980  6505
  7739  6106  5823  5545  7020  5604  6085  7109  6072  6287  5099  5767  5443  5096  4973  6504
  7738  6104  5820  5546  7020  5608  6084  7111  6064  6285  5100  5758  5442  5098  4990  6502
  7739  6101  5823  5543  7019  5612  6085  7117  6062  6277  5107  5769  5454  5093  4988  6509
  7736  6107  5824  5546  7021  5644  6085  7119  6063  6283  5106  5761  5433  5103  4987  6502
  7741  6102  5822  5543  7019  5605  6086  7111  6066  6284  5103  5764  5442  5096  4987  6505
  7737  6104  5828  5544  7004  5600  6084  7114  6068  6279  5108  5763  5424  5095  4984  6506
  7739  6101  5826  5542  7014  5603  6085  7119  6064  6281  5102  5748  5444  5096  4992  6506
  7741  6100  5824  5548  7015  5613  6081  7121  6064  6290  5106  5765  5442  5098  4986  6499
  7740  6100  5818  5540  7026  5606  6080  7113  6065  6290  5101  5763  5441  5101  4977  6513
  7735  6105  5826  5545  7013  5603  6084  7135  6069  6287  5101  5762  5474  5093  4976  6509
  7738  6109  5823  5546  7014  5636  6086  7115  6063  6278  5100  5764  5444  5101  4992  6508
  7739  6098  5822  5545  7021  5621  6079  7116  6062  6287  5103  5762  5431  5100  4983  6504
  7738  6101  5827  5543  7016  5616  6086  7120  6065  6281  5101  5763  5444  5100  4984  6512
  7740  6099  5822  5544  7009  5605  6083  7118  6057  6286  5100  5760  5441  5097  4988  6511
  7737  6104  5827  5543  7013  5634  6085  7114  6065  6286  5107  5764  5443  5096  4985  6513
  7738  6102  5817  5541  7017  5600  6086  7117  6064  6282  5100  5765  5440  5097  4996  6505
  7733  6103  5823  5544  7020  5608  6087  7115  6065  6280  5102  5765  5442  5097  4979  6508
  7739  6102  5828  5546  7015  5604  6088  7121  6068  6282  5101  5768  5443  5099  4972  6511
  7741  6104  5824  5544  7024  5606  6084  7114  6069  6283  5101  5767  5435  5098  4987  6509
  7739  6104  5821  5544  7011  5618  6083  7107  6061  6285  5108  5760  5436  5095  4983  6514
  7740  6106  5824  5542  7012  5603  6076  7107  6066  6282  5104  5754  5439  5096  4986  6505
  7736  6104  5827  5545  7022  5614  6077  7113  6064  6283  5103  5767  5441  5096  4991  6508
  7740  6106  5817  5544  7024  5611  6085  7104  6064  6286  5097  5770  5431  5095  4988  6517
  7736  6107  5828  5544  7018  5615  6080  7112  6066  6286  5103  5763  5439  5096  4990  6513
  7736  6105  5825  5543  7024  5635  6080  7107  6067  6283  5104  5766  5439  5099  4985  6559
  7739  6101  5819  5544  7014  5600  6089  7117  6067  6285  5105  5767  5439  5095  4980  6508
  7738  6109  5823  5547  7011  5614  6084  7122  6067  6284  5103  5757  5429  5097  4983  6502
  7736  6105  5818  5541  7012  5634  6088  7121  6064  6282  5102  5752  5436  5094  4997  6511
  7738  6101  5827  5541  7019  5622  6083  7120  6062  6282  5099  5764  5441  5091  4977  6504
