  4055  3520  3310  3382  3789  3439  3456  3629  3393  3572  3106  3393  3171  2901  3102  3650

  4058  3518  3307  3383  3799  3442  3456  3635  3393  3580  3123  3386  3174  2889  3095  3635

  4058  3523  3300  3383  3784  3417  3459  3628  3396  3572  3122  3390  3164  2889  3096  3643

  4057  3523  3307  3387  3828  3434  3453  3619  3392  3572  3118  3379  3173  2899  3097  3640

  4059  3522  3310  3383  3778  3403  3452  3636  3394  3575  3121  3392  3161  2891  3082  3651

  4059  3517  3301  3371  3789  3403  3453  3583  3394  3576  3116  3386  3174  2901  3092  3654

  4058  3522  3305  3383  3787  3404  3448  3620  3392  3577  3119  3395  3170  2890  3100  3641

  4058  3521  3300  3382  3783  3401  3456  3627  3397  3579  3112  3373  3165  2897  3093  3637

  4060  3525  3308  3382  3789  3397  3451  3625  3397  3580  3125  3388  3176  2889  3086  3641

  4057  3520  3302  3384  3782  3451  3451  3625  3394  3573  3111  3386  3174  2895  3096  3639

  4055  3518  3310  3384  3794  3404  3453  3620  3395  3578  3119  3388  3174  2888  3087  3646

  4055  3524  3312  3382  3782  3400  3452  3635  3397  3573  3117  3389  3175  2887  3092  3646

  4054  3518  3301  3383  3790  3395  3455  3633  3397  3574  3119  3387  3171  2888  3100  3650

  4054  3515  3303  3382  3799  3392  3454  3624  3395  3580  3117  3394  3174  2893  3093  3641

  4059  3523  3300  3383  3785  3426  3457  3624  3395  3570  3120  3388  3176  2905  3103  3647

  4057  3516  3310  3383  3802  3410  3454  3630  3401  3582  3119  3385  3176  2891  3096  3649

  4063  3517  3309  3383  3786  3397  3455  3625  3396  3581  3119  3381  3177  2890  3094  3650

  4053  3522  3309  3382  3797  3400  3464  3624  3396  3572  3114  3389  3173  2891  3096  3653

  4054  3521  3299  3386  3803  3419  3453  3623  3393  3573  3123  3393  3167  2892  3102  3648

  4061  3521  3307  3385  3790  3397  3458  3628  3395  3575  3119  3395  3170  2895  3099  3648

  4057  3520  3306  3384  3783  3403  3452  3630  3391  3581  3121  3391  3169  2896  3103  3649

  4060  3518  3311  3391  3825  3421  3453  3636  3395  3571  3115  3388  3168  2901  3094  3638

  4058  3521  3302  3383  3807  3406  3454  3629  3394  3576  3124  3387  3168  2893  3095  3644

  4063  3519  3301  3382  3790  3403  3454  3626  3393  3577  3115  3395  3175  2893  3096  3647

  4059  3518  3311  3384  3789  3431  3456  3631  3395  3572  3128  3376  3175  2891  3107  3643

  4056  3521  3309  3385  3780  3406  3454  3630  3395  3569  3121  3390  3171  2888  3091  3640

  4056  3516  3304  3383  3779  3410  3456  3624  3395  3575  3120  3396  3168  2890  3086  3639

  4057  3522  3306  3383  3784  3420  3455  3620  3396  3577  3121  3394  3167  2888  3106  3646

  4052  3518  3304  3384  3793  3413  3457  3628  3396  3566  3117  3387  3177  2917  3094  3640

  4050  3526  3306  3387  3792  3402  3458  3627  3393  3570  3123  3390  3171  2882  3101  3628

  4055  3518  3304  3384  3790  3391  3461  3626  3395  3577  3122  3386  3171  2889  3087  3649

  4062  3519  3305  3385  3799  3410  3452  3622  3399  3570  3123  3392  3169  2887  3093  3643

  4062  3522  3310  3387  3805  3394  3456  3628  3400  3576  3123  3392  3169  2890  3088  3651

  4056  3521  3306  3383  3786  3396  3459  3616  3398  3569  3116  3390  3167  2884  3093  3647

  4052  3521  3305  3383  3790  3397  3454  3630  3399  3576  3117  3379  3167  2893  3095  3646

  4058  3520  3310  3382  3794  3403  3451  3636  3395  3572  3117  3393  3167  2917  3107  3641

  4055  3520  3299  3380  3789  3412  3452  3635  3395  3578  3125  3391  3171  2889  3094  3642

  4055  3521  3303  3384  3783  3414  3457  3627  3398  3581  3123  3393  3165  2891  3102  3642

  4053  3520  3305  3387  3791  3400  3452  3630  3395  3571  3117  3374  3179  2898  3096  3643

  4053  3519  3305  3383  3781  3397  3457  3632  3396  3578  3123  3389  3175  2894  3087  3640

  4062  3521  3307  3384  3789  3398  3453  3628  3393  3571  3120  3392  3172  2896  3099  3647

  4055  3521  3307  3382  3787  3396  3458  3625  3396  3579  3123  3386  3176  2893  3101  3645

  4059  3524  3306  3382  3791  3401  3454  3639  3400  3576  3121  3384  3180  2913  3092  3641

  4058  3519  3305  3383  3782  3430  3456  3629  3397  3574  3120  3392  3177  2889  3088  3639

  4056  3521  3304  3383  3795  3403  3455  3621  3394  3573  3123  3391  3167  2897  3091  3646

  4053  3518  3305  3381  3783  3427  3458  3621  3395  3570  3122  3395  3176  2889  3091  3648

  4057  3518  3312  3380  3787  3408  3455  3627  3398  3570  3119  3386  3162  2892  3085  3647

  4056  3520  3305  3377  3795  3435  3458  3625  3395  3577  3118  3387  3175  2897  3087  3646

  4059  3522  3305  3385  3789  3395  3456  3632  3397  3580  3120  3392  3175  2888  3103  3641

  4054  3521  3306  3386  3787  3412  3459  3624  3396  3576  3119  3390  3171  2907  3102  3655

