-3.0587576875488285 4443 4017 3916 4175 4760 4494 4737 4236 3734 4064 3664 3997 3839 3752 3894 4199
-2.9943304945312503 4437 3997 3896 4067 4709 4462 4614 4190 3733 4072 3671 4028 3887 3780 3931 4195
-2.8463013486694337 4393 3948 3832 4016 4641 4332 4447 4162 3750 4110 3726 4102 3972 3850 4038 4201
-2.672961519836426 4391 3951 3830 4005 4628 4278 4411 4161 3793 4145 3772 4169 4054 3968 4160 4230
-2.493485767858887 4382 3931 3797 3961 4559 4213 4308 4145 3823 4185 3832 4250 4144 4077 4318 4282
-2.312476035095215 4371 3914 3787 3944 4513 4132 4243 4131 3835 4215 3885 4277 4225 4211 4469 4316
-2.1322332927246097 4351 3890 3758 3894 4453 4097 4160 4105 3870 4279 3953 4393 4384 4439 4749 4405
-1.9512235599609375 4318 3849 3706 3828 4361 3982 4034 4089 3938 4390 4099 4643 4683 4865 5398 4571
-1.7721313031799317 4313 3838 3693 3810 4326 3967 3999 4083 3958 4430 4146 4721 4789 5071 5707 4698
-1.593039046398926 4305 3828 3679 3795 4312 3957 3972 4068 3983 4465 4218 4810 4965 5354 6099 4762
-1.41394678961792 4306 3824 3680 3788 4265 3948 3965 4071 3973 4445 4206 4803 4924 5312 6185 4679
-1.232553561657715 4337 3859 3708 3836 4364 3992 4022 4089 3905 4345 4051 4616 4632 4936 5601 4587
-1.0546117904663086 4339 3865 3721 3840 4348 3988 4026 4068 3898 4336 4045 4574 4635 4895 5592 4566
-0.8755195336853028 4350 3874 3721 3811 4348 3984 4025 4075 3880 4300 4004 4512 4582 4818 5443 4542
-0.6952767913146973 4357 3885 3739 3859 4377 4038 4052 4072 3860 4271 3955 4458 4484 4656 5251 4499
-0.5150340489440919 4307 3848 3701 3797 4318 3957 3983 4028 3843 4266 3951 4481 4502 4714 5278 4461
-0.33632528735961914 4333 3876 3735 3854 4351 3977 4039 4036 3804 4190 3864 4328 4297 4420 4847 4404
-0.1560825449890137 4363 3908 3775 3905 4425 4053 4128 4052 3763 4126 3778 4212 4140 4111 4486 4350
0.023393206988525393 4392 3956 3817 3939 4504 4139 4204 4071 3735 4078 3715 4129 4018 3956 4264 4313
0.20248546376953128 4443 4007 3882 4043 4641 4295 4355 4107 3726 4062 3693 4081 3954 3894 4212 4334
0.3815777205505371 4495 4060 3950 4139 4768 4391 4489 4114 3696 4019 3625 3996 3868 3744 3985 4291
0.5610534725280762 4520 4105 4004 4215 4872 4480 4673 4144 3678 3994 3596 3945 3806 3648 3880 4268
0.7401457293090821 4561 4178 4080 4316 5022 4663 4873 4175 3674 3967 3557 3904 3762 3571 3799 4247
0.9196214812866211 4597 4212 4138 4392 5151 4865 5155 4230 3656 3938 3537 3871 3706 3536 3714 4215
1.0971797572814943 4631 4252 4202 4486 5310 5070 5347 4300 3650 3935 3520 3860 3690 3487 3686 4198
1.2804904612243653 4662 4310 4275 4604 5493 5305 5723 4388 3639 3914 3498 3831 3646 3444 3629 4180
1.4576652420227052 4678 4336 4331 4691 5634 5445 6031 4483 3625 3906 3490 3810 3635 3432 3598 4160
1.6375244891967775 4678 4350 4344 4720 5708 5555 6176 4519 3629 3910 3483 3815 3620 3403 3583 4155
1.8166167459777833 4690 4363 4368 4747 5713 5682 6408 4478 3631 3890 3480 3802 3619 3400 3566 4151
1.9976264787414553 4679 4351 4359 4734 5756 5728 6547 4443 3624 3908 3491 3809 3601 3401 3573 4143
2.1759517451293946 4642 4305 4295 4658 5626 5565 6246 4397 3635 3921 3505 3821 3615 3428 3601 4140
2.356577982696533 4607 4262 4234 4592 5501 5402 6083 4373 3652 3929 3513 3844 3645 3441 3610 4153
2.535286744281006 4590 4220 4192 4527 5391 5291 5824 4358 3657 3945 3534 3856 3666 3471 3642 4161
2.715912981848145 4555 4164 4104 4411 5224 5061 5476 4323 3672 3965 3556 3897 3688 3524 3674 4160
2.8946217434326176 4515 4113 4045 4294 5094 4900 5253 4294 3691 3998 3577 3935 3754 3571 3751 4171
3.043034384490967 4486 4079 4002 4252 4972 4761 5025 4284 3710 4017 3616 3947 3776 3612 3809 4191
