  7730  6100  5842  5524  7043  5680  6146  7010  6128  6315  5160  5791  5435  5103  5063  6404
  7725  6099  5838  5519  7045  5659  6144  7000  6124  6317  5163  5787  5432  5097  5049  6404
  7723  6106  5842  5519  7034  5676  6147  6996  6126  6313  5163  5781  5429  5103  5060  6404
  7723  6103  5840  5516  7039  5645  6139  6997  6123  6316  5161  5790  5431  5106  5058  6395
  7731  6101  5843  5517  7037  5687  6149  6998  6122  6310  5160  5792  5442  5096  5071  6397
  7726  6102  5843  5517  7035  5656  6140  6995  6123  6313  5159  5787  5432  5107  5058  6398
  7725  6103  5841  5505  7043  5666  6138  6990  6130  6316  5176  5793  5441  5108  5068  6397
  7725  6103  5842  5492  7048  5706  6143  7005  6126  6314  5160  5789  5439  5101  5069  6394
  7729  6097  5851  5520  7040  5682  6142  6985  6129  6317  5160  5786  5437  5112  5070  6398
  7729  6100  5838  5515  7036  5708  6142  6997  6127  6313  5160  5795  5433  5109  5072  6401
  7726  6106  5844  5517  7032  5665  6142  6998  6128  6314  5164  5790  5427  5096  5072  6406
  7724  6099  5844  5519  7029  5651  6144  7000  6123  6314  5161  5792  5437  5111  5075  6395
  7724  6103  5838  5516  7034  5711  6142  6998  6120  6321  5162  5793  5430  5104  5066  6400
  7729  6096  5843  5517  7034  5693  6143  6989  6123  6315  5159  5792  5433  5110  5073  6403
  7727  6104  5835  5519  7036  5674  6144  7002  6127  6311  5161  5777  5433  5098  5061  6391
  7728  6100  5840  5520  7037  5699  6142  6999  6126  6315  5162  5786  5430  5111  5066  6390
  7724  6102  5844  5518  7032  5671  6142  6993  6127  6318  5157  5793  5428  5110  5072  6401
  7729  6106  5846  5517  7033  5688  6145  6988  6125  6320  5157  5792  5432  5098  5072  6400
  7727  6101  5842  5523  7035  5687  6143  6991  6128  6314  5160  5786  5430  5106  5067  6400
  7729  6100  5843  5514  7044  5681  6146  6995  6125  6310  5162  5794  5427  5105  5073  6397
  7732  6103  5847  5521  7033  5647  6145  7006  6126  6312  5159  5787  5436  5106  5069  6401
  7727  6104  5846  5518  7050  5702  6146  6994  6126  6317  5157  5793  5440  5107  5066  6402
  7729  6100  5842  5523  7040  5693  6145  6997  6123  6314  5162  5795  5433  5097  5080  6399
  7725  6104  5837  5522  7063  5696  6149  6997  6127  6320  5163  5792  5433  5108  5055  6398
  7723  6095  5845  5519  7042  5691  6143  7006  6126  6315  5161  5775  5442  5100  5072  6402
  7725  6105  5848  5513  7044  5709  6136  6997  6130  6320  5155  5794  5446  5101  5064  6409
  7727  6100  5838  5520  7040  5652  6145  6998  6128  6314  5157  5790  5429  5110  5070  6406
  7727  6101  5840  5518  7033  5696  6143  6994  6124  6321  5164  5792  5429  5108  5068  6397
  7723  6102  5848  5520  7042  5705  6152  6990  6122  6311  5162  5792  5431  5104  5059  6403
  7724  6104  5836  5522  7043  5698  6141  6998  6123  6320  5160  5796  5427  5110  5071  6400
  7728  6102  5845  5519  7039  5700  6141  7001  6127  6312  5162  5793  5439  5109  5066  6391
  7726  6096  5844  5519  7043  5647  6137  6990  6122  6312  5162  5791  5428  5108  5062  6395
  7727  6103  5843  5516  7039  5688  6144  6990  6127  6314  5160  5786  5433  5097  5065  6404
  7726  6099  5843  5520  7042  5703  6146  7001  6123  6309  5154  5788  5428  5099  5073  6401
  7726  6099  5837  5518  7045  5651  6144  7000  6124  6317  5161  5791  5433  5098  5069  6394
  7723  6100  5845  5514  7044  5676  6139  7004  6131  6314  5160  5793  5460  5107  5070  6396
  7722  6102  5846  5521  7043  5688  6140  7000  6128  6313  5151  5789  5428  5103  5074  6399
  7728  6101  5836  5521  7030  5683  6144  6999  6127  6317  5162  5788  5429  5099  5073  6393
  7726  6103  5848  5522  7031  5675  6145  6999  6123  6312  5164  5795  5432  5111  5054  6397
  7726  6101  5841  5521  7048  5665  6142  6996  6127  6317  5161  5787  5440  5102  5076  6418
  7728  6100  5845  5509  7042  5696  6146  6994  6121  6310  5161  5791  5435  5106  5060  6392
  7728  6100  5838  5514  7039  5687  6144  6994  6125  6312  5164  5794  5441  5107  5067  6395
  7724  6099  5845  5519  7037  5651  6147  6998  6121  6310  5165  5790  5462  5111  5071  6394
  7730  6101  5848  5516  7028  5679  6142  6998  6123  6314  5157  5792  5441  5099  5063  6396
  7726  6103  5845  5515  7045  5696  6145  7003  6125  6315  5163  5790  5421  5100  5059  6393
  7722  6100  5842  5520  7035  5644  6139  6999  6130  6310  5167  5789  5431  5098  5065  6392
  7724  6102  5846  5517  7068  5661  6144  7001  6124  6309  5166  5792  5429  5103  5069  6394
  7725  6106  5846  5518  7036  5697  6144  6998  6123  6316  5159  5793  5425  5100  5067  6404
  7728  6104  5837  5521  7040  5700  6146  7003  6129  6319  5160  5791  5431  5108  5088  6405
  7723  6097  5845  5519  7040  5670  6144  7002  6121  6308  5162  5777  5430  5103  5062  6396
  7729  6099  5846  5520  7032  5703  6141  7002  6127  6320  5159  5794  5438  5109  5071  6397
  7725  6102  5844  5516  7037  5701  6143  6995  6127  6322  5161  5788  5430  5105  5069  6421
  7724  6098  5839  5518  7032  5706  6149  7000  6125  6315  5164  5791  5431  5099  5064  6393
  7728  6103  5841  5511  7037  5686  6135  7003  6125  6313  5163  5785  5439  5101  5065  6396
  7725  6102  5844  5519  7033  5702  6139  6992  6126  6314  5155  5794  5432  5102  5067  6394
  7724  6103  5838  5521  7070  5650  6140  6995  6125  6313  5161  5794  5429  5108  5061  6400
  7730  6099  5847  5515  7031  5672  6143  6991  6121  6313  5166  5779  5430  5096  5063  6406
  7731  6099  5837  5524  7035  5686  6142  7003  6120  6320  5160  5778  5440  5121  5058  6401
  7727  6101  5846  5520  7042  5651  6143  6992  6130  6315  5160  5794  5442  5104  5061  6394
  7727  6097  5837  5519  7035  5695  6146  6993  6121  6320  5161  5790  5432  5100  5070  6398
  7730  6102  5846  5517  7038  5708  6143  6998  6125  6326  5164  5791  5433  5106  5067  6397
  7727  6102  5848  5493  7038  5688  6143  6997  6123  6317  5162  5791  5435  5106  5071  6394
  7729  6101  5842  5548  7044  5655  6146  7001  6127  6320  5162  5798  5431  5109  5075  6400
  7729  6102  5839  5519  7036  5687  6146  7001  6126  6313  5162  5793  5437  5114  5078  6398
  7727  6102  5841  5520  7042  5689  6143  7006  6126  6320  5160  5790  5438  5152  5068  6402
  7730  6105  5851  5521  7042  5691  6144  7010  6133  6318  5162  5795  5432  5102  5066  6427
  7728  6101  5843  5520  7033  5695  6147  7000  6129  6319  5160  5791  5438  5107  5073  6401
  7734  6103  5847  5521  7043  5689  6144  6998  6124  6315  5161  5791  5436  5107  5063  6402
  7723  6100  5847  5509  7044  5692  6145  7002  6131  6315  5160  5792  5440  5109  5061  6403
  7728  6102  5843  5524  7044  5695  6146  7000  6128  6320  5160  5792  5438  5114  5056  6412
  7724  6104  5835  5522  7045  5657  6149  7005  6130  6318  5164  5786  5440  5114  5079  6401
  7727  6106  5849  5522  7036  5679  6138  6990  6125  6317  5164  5790  5425  5115  5069  6403
  7725  6101  5847  5511  7042  5655  6144  7007  6131  6324  5159  5795  5442  5110  5074  6406
  7727  6100  5841  5521  7075  5704  6144  7005  6126  6310  5162  5792  5436  5103  5064  6405
  7730  6096  5844  5519  7038  5684  6146  7011  6129  6317  5161  5794  5432  5107  5071  6408
  7727  6103  5846  5523  7036  5686  6145  7013  6126  6313  5158  5795  5419  5097  5077  6408
  7727  6108  5851  5522  7046  5700  6144  7006  6126  6310  5163  5794  5438  5109  5068  6406
  7726  6105  5842  5518  7039  5707  6144  7005  6128  6319  5166  5793  5437  5105  5069  6406
  7728  6101  5843  5519  7030  5661  6143  7010  6126  6317  5162  5794  5434  5110  5069  6408
  7731  6104  5850  5523  7042  5682  6143  6998  6127  6312  5165  5795  5441  5112  5070  6413
  7730  6106  5839  5522  7039  5685  6141  7017  6130  6318  5165  5800  5432  5097  5073  6411
  7728  6097  5839  5523  7037  5698  6144  7007  6127  6319  5162  5792  5434  5112  5076  6405
  7728  6102  5840  5523  7042  5691  6145  7010  6129  6323  5163  5785  5430  5110  5052  6410
  7726  6103  5847  5518  7042  5688  6144  7011  6130  6314  5161  5778  5432  5105  5080  6410
  7731  6104  5847  5522  7034  5701  6145  7013  6126  6311  5157  5795  5433  5112  5062  6415
  7726  6102  5842  5523  7047  5684  6143  7012  6127  6321  5155  5790  5431  5103  5070  6409
  7727  6105  5841  5521  7039  5702  6146  7019  6124  6314  5163  5794  5436  5106  5073  6416
  7731  6103  5846  5522  7039  5699  6143  7013  6125  6318  5163  5794  5429  5112  5059  6412
  7731  6103  5849  5519  7031  5670  6144  7011  6131  6314  5161  5791  5427  5104  5077  6415
  7730  6104  5843  5520  7039  5697  6143  7016  6132  6318  5165  5790  5432  5111  5075  6409
  7727  6101  5841  5519  7036  5699  6142  7013  6127  6320  5162  5788  5430  5109  5079  6417
  7725  6104  5845  5499  7048  5698  6147  7018  6124  6316  5159  5786  5432  5101  5062  6416
  7730  6104  5840  5504  7033  5674  6141  7012  6129  6327  5163  5772  5436  5112  5065  6423
  7721  6106  5840  5520  7044  5646  6143  7018  6127  6325  5158  5783  5434  5099  5069  6423
  7728  6103  5847  5517  7037  5652  6144  7020  6130  6313  5161  5798  5429  5109  5066  6419
  7727  6105  5850  5514  7038  5700  6145  7023  6127  6322  5160  5783  5439  5110  5075  6411
  7731  6101  5842  5519  7055  5701  6144  7014  6124  6315  5164  5786  5437  5107  5062  6421
  7731  6106  5846  5520  7038  5704  6143  7037  6131  6312  5164  5794  5432  5103  5064  6418
  7726  6103  5843  5517  7036  5678  6145  7027  6127  6320  5160  5789  5435  5102  5062  6424
  7730  6103  5846  5517  7051  5691  6144  7031  6127  6313  5164  5775  5427  5107  5071  6416
  7727  6097  5842  5499  7045  5704  6141  7028  6126  6312  5161  5791  5431  5110  5075  6421
  7727  6106  5845  5522  7045  5690  6145  7030  6128  6316  5160  5787  5431  5109  5062  6433
  7731  6107  5842  5507  7037  5695  6144  7036  6126  6317  5159  5792  5431  5104  5070  6431
  7725  6106  5839  5519  7039  5693  6147  7040  6123  6320  5161  5790  5433  5114  5078  6431
  7730  6101  5834  5523  7045  5700  6141  7041  6128  6319  5164  5771  5435  5108  5072  6435
  7729  6099  5846  5501  7040  5678  6138  7039  6126  6314  5163  5774  5434  5112  5066  6434
  7732  6100  5840  5519  7036  5707  6142  7048  6127  6321  5164  5796  5431  5108  5056  6446
  7727  6100  5841  5521  7046  5689  6146  7052  6125  6319  5162  5794  5435  5111  5074  6435
  7728  6101  5838  5517  7040  5704  6142  7045  6129  6319  5160  5771  5436  5106  5072  6448
  7729  6103  5849  5521  7040  5695  6144  7052  6127  6315  5165  5762  5429  5105  5073  6447
  7727  6100  5847  5517  7034  5709  6147  7045  6127  6321  5167  5786  5436  5110  5075  6441
  7731  6107  5847  5523  7041  5704  6139  7041  6123  6320  5161  5792  5434  5114  5067  6455
  7725  6098  5839  5516  7032  5707  6139  7047  6127  6313  5160  5780  5430  5105  5075  6438
  7724  6103  5846  5515  7042  5693  6144  7051  6123  6319  5157  5795  5439  5109  5078  6442
  7729  6105  5840  5499  7038  5685  6143  7049  6127  6324  5161  5781  5428  5107  5077  6451
  7731  6100  5843  5520  7041  5691  6142  7048  6125  6319  5160  5790  5435  5107  5068  6453
  7732  6100  5840  5520  7048  5691  6148  7050  6126  6315  5163  5774  5431  5111  5079  6448
  7731  6105  5840  5517  7051  5700  6148  7044  6125  6313  5165  5759  5432  5107  5071  6443
  7730  6102  5848  5521  7039  5691  6143  7052  6132  6317  5164  5792  5438  5106  5076  6450
  7733  6097  5841  5520  7038  5693  6142  7050  6129  6323  5162  5794  5438  5113  5061  6447
  7727  6105  5833  5510  7037  5689  6143  7051  6129  6322  5163  5783  5433  5110  5071  6463
  7731  6100  5845  5520  7044  5682  6143  7045  6125  6314  5160  5777  5430  5106  5073  6452
  7733  6109  5846  5518  7042  5694  6145  7053  6129  6315  5168  5727  5432  5112  5077  6444
  7734  6097  5848  5478  7034  5704  6143  7045  6124  6318  5164  5789  5433  5111  5076  6449
  7730  6102  5835  5519  7046  5688  6139  7048  6125  6315  5163  5795  5433  5107  5075  6458
  7724  6096  5836  5503  7045  5702  6140  7049  6130  6318  5165  5791  5434  5114  5081  6443
  7727  6099  5844  5520  7035  5698  6143  7049  6128  6316  5162  5792  5440  5109  5069  6452
  7726  6103  5848  5507  7035  5703  6147  7052  6123  6316  5164  5781  5431  5112  5062  6444
  7727  6102  5840  5509  7036  5706  6142  7053  6130  6316  5162  5777  5431  5107  5073  6439
  7729  6103  5840  5521  7040  5663  6148  7041  6130  6321  5165  5773  5431  5114  5071  6439
  7728  6101  5843  5520  7035  5695  6146  7052  6123  6322  5161  5751  5433  5102  5077  6454
  7727  6103  5846  5486  7035  5703  6145  7045  6124  6318  5162  5792  5431  5112  5076  6447
  7725  6108  5837  5515  7040  5695  6140  7043  6127  6321  5160  5785  5438  5112  5076  6453
  7727  6102  5843  5511  7035  5702  6147  7042  6125  6316  5165  5782  5431  5114  5077  6448
  7727  6102  5841  5516  7034  5690  6150  7051  6123  6315  5162  5786  5429  5102  5077  6451
  7729  6102  5841  5520  7042  5699  6144  7044  6124  6315  5164  5774  5431  5108  5061  6439
  7729  6103  5841  5502  6974  5678  6144  7044  6125  6321  5163  5788  5431  5113  5074  6449
  7727  6103  5847  5481  7036  5696  6172  7053  6130  6323  5165  5772  5430  5110  5078  6448
  7729  6103  5840  5503  7046  5656  6149  7050  6126  6317  5164  5784  5434  5106  5073  6454
  7735  6107  5847  5525  7036  5650  6144  7052  6137  6317  5159  5788  5435  5107  5068  6459
  7728  6106  5850  5508  7039  5710  6147  7055  6131  6316  5167  5775  5437  5112  5064  6450
  7729  6106  5844  5492  7042  5650  6147  7063  6125  6323  5155  5787  5435  5106  5075  6444
  7726  6105  5846  5525  7043  5692  6149  7061  6130  6315  5168  5796  5437  5107  5077  6456
  7730  6103  5845  5497  7041  5701  6150  7061  6126  6323  5159  5769  5432  5108  5079  6460
  7726  6107  5835  5515  7045  5702  6147  7062  6124  6317  5165  5797  5434  5117  5078  6468
  7731  6109  5845  5494  7048  5689  6146  7070  6136  6320  5162  5776  5435  5114  5077  6467
  7729  6102  5848  5501  7039  5704  6152  7076  6131  6322  5166  5789  5434  5115  5086  6474
  7733  6109  5847  5526  7042  5704  6147  7082  6134  6321  5169  5782  5437  5116  5071  6477
  7730  6102  5841  5521  7043  5709  6148  7085  6127  6327  5171  5796  5438  5112  5072  6475
  7734  6101  5841  5514  7043  5692  6152  7084  6129  6317  5163  5773  5438  5120  5080  6484
  7730  6103  5847  5526  7043  5700  6151  7076  6129  6317  5163  5790  5444  5118  5082  6485
  7731  6101  5849  5520  7039  5708  6152  7098  6127  6316  5167  5796  5438  5121  5091  6490
  7731  6107  5839  5522  7049  5707  6156  7090  6133  6324  5164  5777  5437  5121  5089  6493
  7728  6099  5847  5521  7053  5670  6160  7093  6132  6323  5163  5790  5442  5121  5085  6496
  7730  6107  5848  5529  7046  5711  6162  7087  6130  6324  5166  5787  5447  5125  5093  6505
  7729  6099  5843  5499  7048  5687  6162  7087  6127  6319  5160  5796  5440  5123  5091  6503
  7728  6104  5850  5520  6981  5701  6166  7112  6134  6320  5167  5786  5437  5127  5090  6506
  7732  6105  5843  5527  7053  5704  6178  7100  6129  6327  5161  5789  5443  5115  5103  6501
  7728  6106  5846  5515  7047  5704  6178  7111  6129  6324  5164  5794  5442  5135  5099  6508
  7731  6104  5844  5525  7053  5709  6178  7114  6126  6320  5160  5799  5446  5127  5092  6514
  7728  6106  5849  5526  7051  5714  6181  7120  6129  6323  5165  5788  5456  5139  5106  6513
  7729  6108  5847  5518  7067  5700  6185  7125  6128  6317  5173  5805  5451  5140  5114  6562
  7729  6107  5847  5510  7068  5718  6191  7130  6130  6324  5163  5802  5457  5148  5121  6512
  7730  6111  5849  5511  7055  5730  6197  7138  6132  6324  5155  5803  5453  5142  5125  6528
  7732  6109  5849  5535  7071  5743  6204  7135  6127  6324  5165  5784  5453  5150  5128  6543
  7729  6109  5853  5506  7059  5748  6208  7139  6134  6328  5169  5795  5460  5154  5132  6527
  7729  6101  5855  5537  7069  5749  6223  7140  6129  6316  5166  5809  5459  5159  5147  6536
  7729  6108  5855  5536  7072  5743  6230  7157  6130  6326  5172  5786  5470  5170  5152  6548
  7731  6118  5853  5525  7077  5756  6242  7158  6132  6323  5171  5802  5469  5174  5159  6556
  7731  6106  5853  5539  7078  5762  6253  7165  6132  6316  5170  5811  5470  5182  5168  6586
  7733  6110  5854  5542  7084  5746  6261  7173  6126  6318  5171  5799  5483  5190  5187  6587
  7730  6111  5858  5543  7095  5787  6279  7187  6135  6322  5173  5821  5483  5188  5175  6624
  7730  6113  5849  5551  7155  5737  6285  7197  6133  6326  5173  5817  5492  5196  5194  6628
  7728  6109  5854  5553  7107  5748  6292  7212  6128  6336  5174  5822  5533  5204  5202  6647
  7729  6113  5863  5552  7117  5799  6309  7215  6131  6325  5179  5824  5503  5218  5218  6675
  7736  6114  5852  5558  7118  5789  6317  7232  6130  6330  5174  5829  5500  5222  5206  6696
  7735  6114  5859  5563  7119  5793  6331  7248  6137  6328  5183  5836  5515  5238  5225  6715
  7738  6115  5866  5535  7138  5785  6353  7271  6139  6332  5180  5820  5532  5244  5260  6759
  7730  6112  5871  5573  7145  5825  6370  7306  6135  6328  5174  5841  5525  5266  5257  6793
  7736  6115  5868  5580  7164  5809  6370  7324  6136  6335  5191  5851  5547  5279  5292  6846
  7736  6118  5875  5584  7173  5820  6383  7341  6137  6339  5183  5852  5550  5296  5288  6868
  7734  6121  5879  5592  7184  5872  6402  7361  6136  6338  5186  5862  5566  5317  5312  6908
  7737  6121  5871  5599  7196  5881  6412  7390  6134  6344  5194  5869  5571  5325  5340  6972
  7739  6128  5890  5603  7193  5866  6433  7442  6141  6345  5203  5877  5590  5340  5326  7019
  7736  6127  5890  5579  7222  5890  6461  7493  6143  6346  5203  5885  5601  5338  5335  7061
  7739  6129  5897  5626  7251  5921  6486  7552  6145  6349  5211  5893  5606  5351  5317  7135
  7738  6134  5891  5633  7267  5955  6499  7625  6146  6353  5213  5888  5611  5359  5320  7191
  7741  6132  5909  5643  7288  5962  6506  7683  6147  6361  5218  5911  5625  5370  5318  7272
  7743  6136  5912  5656  7305  5991  6504  7739  6145  6368  5224  5917  5639  5371  5321  7339
  7746  6138  5913  5666  7313  6006  6511  7814  6149  6363  5228  5924  5634  5387  5331  7432
  7744  6143  5920  5673  7318  6063  6503  7856  6153  6362  5241  5936  5666  5405  5349  7603
  7749  6148  5928  5678  7339  6062  6504  7937  6156  6375  5243  5948  5671  5418  5354  7801
  7749  6151  5932  5693  7371  6058  6517  8065  6152  6371  5246  5957  5674  5422  5353  7952
  7749  6156  5939  5711  7391  6044  6524  8263  6164  6383  5258  5968  5699  5423  5361  8168
  7756  6158  5954  5727  7401  6057  6532  8406  6163  6383  5265  5975  5717  5426  5370  8441
  7758  6166  5963  5746  7429  6069  6542  8649  6172  6397  5278  5996  5726  5429  5407  8898
  7765  6171  5971  5752  7442  6055  6550  8863  6169  6398  5283  6007  5738  5438  5416  9144
  7764  6180  5990  5776  7484  6052  6572  9328  6171  6402  5289  6017  5743  5446  5438  9680
  7769  6190  5998  5787  7488  6069  6599  9651  6181  6412  5304  6041  5758  5458  5477 10592
  7773  6184  6005  5806  7500  6078  6625 10073  6183  6425  5309  6056  5772  5464  5507 11621
  7779  6199  6012  5819  7514  6065  6649 10515  6186  6430  5330  6068  5786  5484  5545 12622
  7776  6207  6020  5809  7499  6078  6659 10732  6182  6431  5336  6077  5815  5493  5548 12148
  7779  6204  6025  5806  7482  6079  6671 11521  6187  6440  5342  6092  5812  5493  5556 12089
  7784  6200  6011  5800  7455  6084  6682 12130  6191  6453  5362  6115  5841  5517  5571 12026
  7782  6202  6007  5788  7437  6037  6691 12670  6197  6448  5371  6112  5853  5522  5563 11750
  7779  6199  6005  5784  7432  6038  6683 12801  6197  6454  5364  6116  5859  5521  5560 11685
  7787  6196  6004  5786  7435  6077  6687 12788  6193  6451  5372  6131  5851  5529  5584 11775
  7776  6202  6007  5783  7438  6059  6684 12754  6200  6458  5379  6135  5858  5522  5576 11879
  7783  6199  6013  5787  7441  6053  6683 12682  6192  6451  5370  6135  5862  5528  5580 11932
  7780  6196  6011  5786  7433  6088  6684 12609  6195  6452  5365  6128  5857  5521  5562 11856
  7779  6198  6009  5786  7438  6053  6686 12668  6193  6447  5364  6132  5855  5514  5576 11826
  7782  6199  6011  5777  7443  6062  6694 12721  6197  6451  5366  6113  5852  5521  5578 11843
  7785  6199  6008  5787  7443  6057  6693 12673  6197  6452  5369  6131  5849  5516  5575 11842
  7783  6201  6009  5782  7442  6041  6687 12589  6198  6452  5365  6134  5852  5519  5564 11820
  7785  6202  6009  5788  7451  6031  6692 12593  6194  6453  5362  6131  5855  5518  5575 11819
  7780  6196  6012  5787  7438  6082  6688 12562  6192  6449  5365  6121  5859  5521  5575 11825
  7781  6200  6011  5780  7437  6025  6678 12350  6198  6450  5361  6134  5866  5518  5575 11913
  7780  6200  6007  5779  7435  6032  6673 12167  6193  6449  5372  6133  5867  5530  5575 11952
  7783  6198  6003  5777  7430  6036  6663 12087  6189  6446  5367  6133  5862  5523  5574 11971
  7781  6193  6001  5775  7433  6032  6671 12127  6196  6456  5371  6138  5871  5525  5569 11896
  7784  6194  6002  5777  7427  6064  6671 12086  6193  6452  5368  6130  5860  5525  5561 11903
  7780  6195  6004  5777  7416  6035  6665 11988  6191  6450  5366  6136  5866  5531  5571 11950
