 65535 65535 65535 65535 65535 65535 65535  4731
 65535 65535 65535 65535 65535 65535 65535  4715
 65535 65535 65535 65535 65535 65535 65535  4724
 65535 65535 65535 65535 65535 65535 65535  4724
 65535 65535 65535 65535 65535 65535 65535  4712
 65535 65535 65535 65535 65535 65535 65535  4722
 65535 65535 65535 65535 65535 65535 65535  4710
 65535 65535 65535 65535 65535 65535 65535  4712
 65535 65535 65535 65535 65535 65535 65535  4728
 65535 65535 65535 65535 65535 65535 65535  4705
 65535 65535 65535 65535 65535 65535 65535  4745
 65535 65535 65535 65535 65535 65535 65535  4717
 65535 65535 65535 65535 65535 65535 65535  4707
 65535 65535 65535 65535 65535 65535 65535  4720
 65535 65535 65535 65535 65535 65535 65535  4715
 65535 65535 65535 65535 65535 65535 65535  4719
 65535 65535 65535 65535 65535 65535 65535  4725
 65535 65535 65535 65535 65535 65535 65535  4709
 65535 65535 65535 65535 65535 65535 65535  4723
 65535 65535 65535 65535 65535 65535 65535  4720
 65535 65535 65535 65535 65535 65535 65535  4681
 65535 65535 65535 65535 65535 65535 65535  4706
 65535 65535 65535 65535 65535 65535 65535  4700
 65535 65535 65535 65535 65535 65535 65535  4681
 65535 65535 65535 65535 65535 65535 65535  4703
 65535 65535 65535 65535 65535 65535 65535  4702
 65535 65535 65535 65535 65535 65535 65535  4694
 65535 65535 65535 65535 65535 65535 65535  4703
 65535 65535 65535 65535 65535 65535 65535  4701
 65535 65535 65535 65535 65535 65535 65535  4698
 65535 65535 65535 65535 65535 65535 65535  4678
 65535 65535 65535 65535 65535 65535 65535  4681
 65535 65535 65535 65535 65535 65535 65535  4683
 65535 65535 65535 65535 65535 65535 65535  4680
 65535 65535 65535 65535 65535 65535 65535  4685
 65535 65535 65535 65535 65535 65535 65535  4689
 65535 65535 65535 65535 65535 65535 65535  4701
 65535 65535 65535 65535 65535 65535 65535  4697
 65535 65535 65535 65535 65535 65535 65535  4683
 65535 65535 65535 65535 65535 65535 65535  4679
 65535 65535 65535 65535 65535 65535 65535  4666
 65535 65535 65535 65535 65535 65535 65535  4699
 65535 65535 65535 65535 65535 65535 65535  4686
 65535 65535 65535 65535 65535 65535 65535  4683
 65535 65535 65535 65535 65535 65535 65535  4697
 65535 65535 65535 65535 65535 65535 65535  4686
 65535 65535 65535 65535 65535 65535 65535  4613
 65535 65535 65535 65535 65535 65535 65535  4620
 65535 65535 65535 65535 65535 65535 65535  4564
 65535 65535 65535 65535 65535 65535 65535  4506
 39907 35586 31868 33248 33364 28709 25967  3931
 40114 35768 32012 33342 33418 28702 25947  3938
 40151 35867 32184 33585 33604 28690 25814  3937
 39803 35604 31988 33438 33516 28694 25871  3922
 39651 35484 31873 33295 33326 28525 25741  3932
 39761 35487 31736 33087 33198 28493 25739  3929
 39875 35669 31951 33225 33131 28431 25755  3931
 39831 35429 31674 33021 33163 28483 25782  3926
 39716 35417 31689 33017 33148 28471 25807  3929
 39703 35434 31808 33229 33268 28481 25708  3923
 39587 35294 31649 33073 33174 28470 25744  3922
 39634 35424 31773 33168 33264 28635 25836  3918
 39726 35562 31922 33287 33201 28412 25746  3920
 39960 35487 31627 32974 33180 28555 25773  3924
 39494 35362 31834 33167 33190 28422 25807  3928
 39630 35162 31464 32972 33299 28563 25718  3928
 39533 35406 31782 33066 33003 28342 25632  3928
 39242 34970 31424 32910 33088 28309 25567  3922
 39695 35455 31702 32972 33036 28381 25635  3914
 39461 35238 31624 33009 33022 28345 25674  3921
 39742 35380 31657 33019 33103 28355 25628  3922
 39703 35449 31722 33000 33015 28431 25808  3917
 39581 35232 31613 33072 33142 28352 25525  3924
 39427 35310 31672 33010 33016 28363 25700  3921
 39567 35205 31494 32851 32955 28345 25613  3922
 39541 35225 31495 32819 32922 28204 25448  3908
 39113 35002 31464 32892 32921 28218 25564  3929
 39928 35602 31826 33185 33273 28488 25676  3927
 39305 35177 31596 32914 32836 28116 25557  3937
 39825 35435 31569 32865 32979 28384 25688  3922
 39504 35285 31637 32976 32988 28279 25579  3925
 39363 35014 31385 32879 33084 28462 25751  3916
 39373 35007 31329 32736 32965 28383 25748  3925
 39588 35275 31589 32933 33097 28453 25736  3922
 39402 35081 31474 32933 33088 28368 25584  3924
 39437 35255 31641 33017 33040 28337 25643  3916
 39700 35466 31748 33048 33030 28260 25541  3926
 39548 35216 31442 32733 32780 28181 25536  3922
 39226 34668 30655 31603 31276 26689 23969  3889
 36886 33042 29780 31302 31383 26776 23875  3871
 36064 32139 28789 30116 30347 26152 23627  3877
 35993 32008 28562 29717 29638 25483 22947  3869
 35114 31340 28154 29551 29757 25706 23130  3878
 35321 31605 28370 29571 29604 25687 23306  3875
 36059 32210 28930 30331 30411 26080 23391  3874
 35877 32156 28897 30160 30218 26099 23669  3894
 36706 32794 29393 30617 30697 26386 23857  3878
 36917 32982 29585 30904 30979 26621 24004  3887
 36972 32891 29287 30425 30425 26382 23920  3890
 36821 32841 29492 30928 30987 26427 23658  3882
 16627 15197 13830 14629 14717 13086 11834  3614
 16562 15145 13775 14559 14690 13033 11803  3604
 16529 15109 13757 14576 14675 13014 11796  3607
 16540 15165 13822 14669 14717 13019 11812  3592
 16647 15238 13846 14653 14714 13052 11841  3596
 16640 15242 13893 14765 14930 13267 12076  3611
 16956 15493 14098 14945 14966 13290 12015  3605
 16861 15433 14057 14914 15002 13318 12121  3611
 17070 15578 14120 14929 15025 13282 12036  3611
 16909 15444 14047 14863 14949 13237 11984  3605
 16767 15309 13912 14728 14771 13081 11906  3602
 16743 15267 13836 14643 14730 13122 11849  3593
 16653 15242 13882 14728 14823 13141 11940  3606
 16644 15167 13806 14664 14745 13046 11829  3607
 16747 15364 13991 14747 14866 13177 11973  3606
 16757 15323 13973 14811 14968 13215 12010  3608
 16895 15415 14004 14809 14863 13262 11979  3601
 16851 15455 14097 14926 15019 13265 12023  3612
 16871 15389 14016 14851 14931 13244 12016  3619
 17031 15566 14110 14847 14858 13171 11937  3608
 16784 15332 13964 14792 14872 13198 12013  3613
 16848 15342 13926 14740 14836 13204 11925  3597
 16763 15374 14038 14878 14919 13171 11939  3602
 16721 15296 13931 14804 14925 13241 12011  3610
 16841 15390 14010 14807 14870 13201 11955  3604
 16877 15417 14013 14851 14951 13267 12056  3603
 16816 15366 13986 14826 14943 13279 12025  3613
 16937 15466 14063 14882 14957 13254 12015  3604
 16872 15429 14023 14859 14959 13233 12007  3620
 16837 15390 14019 14850 14943 13226 12018  3601
 16880 15407 14016 14849 14956 13255 12011  3603
 16899 15455 14055 14848 14902 13202 11986  3604
 16797 15358 14010 14862 14975 13253 12019  3613
 16936 15474 14061 14850 14956 13251 12022  3614
 16909 15460 14036 14833 14912 13234 12046  3609
 16878 15406 14022 14896 14990 13283 12041  3604
 16937 15469 14025 14858 14979 13274 12062  3609
 16907 15487 14104 14951 15010 13286 12065  3613
 16958 15501 14090 14941 14991 13327 12086  3613
 17017 15564 14151 14975 15080 13359 12145  3609
 17087 15608 14171 15000 15153 13404 12184  3621
 17102 15617 14207 15059 15147 13405 12150  3619
 17111 15603 14156 14985 15092 13382 12168  3614
 17105 15635 14203 15038 15121 13447 12164  3615
 17048 15523 14079 14966 15094 13402 12155  3611
 16977 15514 14154 15057 15188 13466 12222  3617
 17058 15533 14111 14896 15041 13318 12093  3616
 17036 15609 14245 15121 15299 13490 12215  3620
 17097 15605 14188 15018 15070 13470 12218  3615
 17235 15737 14299 15119 15190 13433 12181  3617
  8649  8146  7486  7935  8083  7471  6817  3424
  8656  8152  7488  7956  8084  7429  6809  3410
  8657  8155  7495  7954  8087  7443  6820  3411
  8641  8135  7477  7961  8084  7417  6831  3435
  8658  8150  7468  7937  8068  7386  6807  3407
  8639  8138  7493  7983  8119  7437  6818  3418
  8646  8137  7488  7958  8088  7428  6826  3414
  8660  8155  7497  7963  8088  7426  6824  3416
  8658  8145  7505  7988  8112  7435  6836  3421
  8674  8166  7497  7994  8103  7424  6833  3417
  8659  8157  7500  8011  8109  7433  6823  3411
  8652  8145  7486  7961  8094  7420  6813  3413
  8662  8174  7517  8017  8103  7413  6794  3417
  8642  8147  7488  7994  8104  7425  6831  3423
  8642  8153  7485  7909  8075  7430  6826  3414
  8688  8186  7521  7982  8115  7447  6834  3422
  8668  8146  7490  7962  8074  7437  6814  3420
  8683  8171  7531  7980  8146  7448  6851  3413
  8694  8170  7499  7931  8113  7442  6831  3420
  8695  8182  7505  7974  8099  7462  6830  3413
  8652  8159  7510  8010  8138  7464  6834  3418
  8662  8153  7488  7934  8106  7480  6855  3427
  8701  8186  7528  7995  8123  7443  6830  3418
  8718  8207  7554  8009  8093  7476  6841  3415
  8706  8193  7530  7948  8136  7518  6870  3432
  8714  8205  7557  8037  8160  7490  6865  3417
  8715  8191  7533  7992  8074  7492  6871  3427
  8703  8187  7536  7997  8116  7441  6826  3423
  8701  8187  7537  8015  8095  7488  6847  3425
  8703  8199  7549  8006  8070  7469  6875  3421
  8724  8193  7532  8005  8203  7462  6852  3421
  8732  8223  7568  8043  8147  7538  6890  3421
  8746  8230  7567  8051  8161  7490  6870  3431
  8749  8228  7571  8047  8192  7563  6888  3423
  8747  8228  7571  8059  8174  7511  6887  3434
  8742  8221  7575  8045  8177  7479  6878  3419
  8723  8221  7558  8053  8196  7513  6882  3427
  8717  8212  7549  8037  8170  7468  6861  3423
  8733  8234  7561  8026  8156  7465  6866  3425
  8740  8225  7569  8040  8173  7489  6875  3425
  8748  8223  7576  8052  8189  7506  6900  3423
  8774  8262  7601  8096  8182  7488  6885  3428
  8781  8255  7573  8094  8232  7523  6913  3421
  8766  8249  7589  8051  8192  7521  6908  3427
  8785  8271  7586  8113  8220  7520  6899  3431
  8797  8276  7609  8121  8239  7550  6940  3422
  8809  8299  7627  8057  8233  7562  6950  3437
  8885  8361  7689  8155  8297  7606  6965  3438
  8911  8383  7707  8178  8299  7627  6999  3442
  8938  8408  7751  8226  8416  7682  7051  3440
  6220  5954  5516  5874  5910  5624  5189  3352
  6243  5978  5521  5881  5921  5588  5180  3340
  6229  5964  5523  5886  5926  5608  5193  3352
  6228  5959  5528  5902  5919  5578  5193  3352
  6222  5966  5509  5893  5908  5568  5180  3345
  6227  5963  5512  5895  5921  5570  5184  3353
  6221  5963  5515  5891  5915  5566  5179  3346
  6223  5961  5517  5887  5912  5580  5185  3350
  6217  5938  5514  5887  5923  5567  5190  3344
  6230  5960  5512  5913  5908  5565  5187  3355
  6222  5965  5515  5923  5926  5568  5181  3341
  6213  5950  5503  5878  5906  5560  5185  3354
  6220  5961  5506  5892  5908  5561  5160  3351
  6197  5947  5504  5917  5905  5563  5188  3353
  6203  5942  5490  5808  5874  5561  5174  3346
  6213  5957  5510  5869  5901  5560  5165  3342
  6211  5943  5496  5863  5874  5564  5178  3353
  6215  5947  5511  5871  5909  5565  5183  3346
  6216  5946  5502  5833  5918  5564  5171  3340
  6208  5949  5501  5885  5890  5595  5172  3347
  6216  5954  5512  5893  5908  5534  5162  3341
  6219  5964  5507  5855  5886  5589  5183  3345
  6201  5932  5496  5873  5898  5564  5169  3349
  6209  5945  5507  5864  5855  5562  5162  3352
  6210  5950  5515  5837  5893  5637  5202  3347
  6246  5977  5537  5933  5965  5669  5236  3350
  6314  6047  5602  5978  5952  5710  5296  3358
  6373  6099  5655  6048  6077  5731  5294  3361
  6416  6128  5678  6057  6086  5764  5324  3347
  6426  6142  5686  6065  6023  5694  5321  3354
  6447  6157  5697  6067  6160  5738  5330  3367
  6447  6161  5706  6084  6095  5774  5333  3343
  6455  6161  5697  6091  6108  5747  5337  3358
  6457  6155  5686  6072  6111  5778  5335  3362
  6431  6134  5677  6063  6093  5747  5328  3356
  6428  6137  5681  6055  6071  5713  5310  3347
  6409  6126  5655  6049  6067  5720  5299  3348
  6381  6111  5648  6037  6066  5687  5292  3345
  6383  6107  5642  6022  6059  5700  5290  3346
  6386  6113  5665  6028  6058  5691  5290  3349
  6377  6084  5641  6021  6070  5703  5305  3359
  6393  6116  5653  6062  6061  5682  5300  3347
  6384  6106  5647  6070  6070  5695  5290  3357
  6377  6097  5642  6014  6052  5689  5294  3342
  6379  6103  5637  6040  6049  5681  5269  3345
  6381  6109  5640  6050  6046  5685  5288  3350
  6373  6101  5634  5955  6031  5686  5266  3351
  6350  6063  5604  5958  5974  5620  5214  3350
  6299  6024  5571  5947  5956  5628  5217  3336
  6253  5967  5532  5898  5983  5577  5200  3334
  5013  4848  4505  4812  4795  4653  4351  3312
  5008  4852  4506  4800  4807  4628  4352  3311
  5006  4841  4508  4810  4808  4652  4367  3307
  5007  4839  4507  4829  4814  4635  4364  3308
  5010  4850  4496  4828  4806  4653  4360  3310
  5013  4847  4494  4815  4799  4623  4360  3309
  5007  4848  4507  4831  4817  4621  4357  3308
  5007  4841  4499  4812  4795  4623  4357  3306
  5012  4841  4509  4827  4807  4612  4367  3316
  5000  4838  4491  4848  4801  4629  4369  3313
  5010  4840  4499  4845  4808  4613  4362  3305
  5003  4847  4508  4813  4816  4613  4359  3299
  5005  4849  4497  4843  4808  4624  4347  3316
  5010  4855  4501  4842  4798  4611  4355  3298
  5005  4849  4500  4776  4786  4629  4359  3314
  5008  4845  4503  4805  4795  4615  4356  3304
  5011  4844  4505  4819  4782  4616  4338  3311
  5003  4832  4513  4809  4848  4618  4363  3304
  5015  4845  4498  4760  4811  4602  4343  3312
  5003  4837  4498  4819  4795  4653  4354  3313
  5001  4836  4495  4816  4789  4618  4347  3304
  5005  4840  4488  4756  4804  4640  4353  3305
  5002  4832  4503  4824  4793  4625  4344  3308
  4999  4826  4496  4803  4755  4613  4338  3308
  4996  4834  4500  4756  4786  4627  4359  3305
  4999  4831  4507  4817  4789  4633  4360  3303
  4996  4831  4495  4806  4726  4609  4370  3298
  4999  4836  4498  4817  4798  4614  4333  3307
  4989  4819  4494  4814  4786  4645  4343  3308
  4996  4829  4493  4809  4732  4616  4348  3305
  4992  4834  4496  4802  4789  4606  4344  3302
  4994  4824  4496  4818  4770  4653  4350  3317
  4992  4828  4499  4824  4784  4604  4345  3299
  4997  4832  4506  4820  4800  4663  4346  3301
  4995  4820  4487  4807  4788  4640  4358  3305
  4990  4825  4495  4813  4789  4603  4344  3305
  4994  4836  4488  4811  4789  4626  4342  3307
  4989  4831  4486  4817  4795  4605  4351  3303
  4995  4830  4486  4805  4793  4603  4348  3306
  4984  4828  4489  4800  4781  4605  4345  3306
  4984  4816  4487  4811  4795  4602  4352  3298
  4990  4831  4495  4849  4784  4599  4349  3294
  4994  4832  4488  4844  4794  4606  4353  3309
  4988  4823  4482  4803  4790  4600  4353  3303
  4989  4837  4478  4840  4798  4605  4338  3303
  4986  4829  4485  4844  4790  4613  4351  3306
  5000  4840  4488  4766  4770  4604  4348  3310
  4984  4830  4497  4802  4793  4610  4341  3313
  4992  4828  4479  4790  4751  4606  4350  3311
  4975  4802  4475  4767  4763  4572  4315  3294
  4201  4085  3832  4069  4061  3986  3796  3276
  4193  4081  3834  4084  4062  3973  3794  3275
  4194  4088  3828  4091  4061  4010  3808  3272
  4195  4081  3833  4103  4063  3963  3798  3274
  4192  4081  3816  4096  4074  3993  3793  3269
  4188  4078  3822  4099  4061  3967  3799  3264
  4191  4078  3826  4102  4088  3976  3792  3270
  4187  4082  3832  4088  4055  3979  3798  3267
  4191  4080  3838  4109  4056  3980  3809  3275
  4197  4090  3825  4126  4075  3986  3809  3281
  4197  4080  3829  4118  4062  3979  3802  3280
  4196  4081  3831  4104  4075  3986  3801  3276
  4195  4089  3834  4132  4074  3974  3788  3271
  4195  4084  3827  4128  4060  3964  3798  3270
  4191  4080  3820  4032  4035  3975  3796  3278
  4192  4083  3831  4094  4059  3981  3788  3262
  4184  4074  3828  4088  4027  3966  3785  3269
  4197  4076  3828  4089  4065  3971  3801  3278
  4191  4078  3824  4049  4065  3978  3793  3268
  4198  4084  3830  4101  4053  4012  3787  3268
  4191  4082  3826  4107  4072  4008  3799  3263
  4197  4081  3826  4085  4052  4006  3802  3273
  4195  4077  3835  4105  4048  3984  3786  3269
  4192  4073  3833  4085  3994  3969  3792  3274
  4198  4085  3833  4045  4025  3996  3805  3270
  4190  4071  3834  4114  4065  3980  3810  3262
  4193  4077  3833  4094  4008  3976  3811  3267
  4194  4076  3828  4105  4063  3987  3788  3272
  4190  4074  3827  4106  4070  4014  3787  3272
  4189  4072  3829  4101  3986  3992  3795  3268
  4196  4083  3834  4097  4065  3971  3794  3271
  4196  4075  3827  4100  4032  4003  3792  3275
  4190  4083  3825  4098  4064  3977  3789  3272
  4192  4073  3825  4102  4057  3975  3792  3267
  4189  4074  3825  4098  4063  3998  3809  3266
  4182  4071  3827  4102  4063  3971  3803  3279
  4188  4083  3817  4094  4057  3997  3790  3277
  4184  4077  3816  4099  4061  3973  3802  3269
  4185  4073  3823  4095  4061  3961  3792  3273
  4187  4083  3830  4088  4054  3958  3792  3273
  4191  4073  3831  4087  4047  3964  3802  3275
  4188  4080  3817  4125  4053  3970  3803  3270
  4187  4078  3823  4130  4061  3959  3793  3263
  4188  4073  3822  4088  4061  3972  3799  3265
  4190  4078  3827  4128  4063  3967  3783  3269
  4182  4082  3815  4125  4052  3964  3794  3277
  4189  4087  3819  4031  4029  3976  3794  3271
  4180  4076  3822  4077  4047  3963  3790  3272
  4183  4076  3818  4089  3991  3968  3779  3268
  4186  4071  3814  4079  4094  3963  3791  3267
    3773  3689  3472  3703  3670  3647  3491  3258
  3774  3682  3473  3704  3667  3646  3491  3256
  3779  3686  3475  3724  3652  3658  3505  3249
  3772  3675  3470  3722  3664  3629  3502  3253
  3772  3693  3469  3733  3688  3644  3496  3255
  3773  3687  3467  3726  3668  3634  3500  3253
  3771  3686  3468  3733  3673  3632  3491  3254
  3773  3682  3468  3708  3656  3628  3498  3248
  3771  3674  3477  3723  3674  3628  3503  3257
  3768  3680  3473  3748  3675  3633  3505  3252
  3776  3683  3468  3756  3665  3624  3500  3250
  3766  3676  3467  3702  3661  3629  3493  3250
  3758  3675  3458  3739  3656  3617  3470  3235
  3748  3670  3447  3733  3644  3618  3477  3236
  3732  3660  3443  3646  3612  3606  3471  3236
  3735  3656  3450  3679  3628  3600  3461  3238
  3731  3643  3434  3673  3592  3598  3461  3244
  3734  3630  3432  3675  3683  3595  3476  3245
  3734  3641  3436  3633  3633  3603  3455  3233
  3735  3647  3439  3700  3625  3626  3477  3238
  3742  3651  3450  3690  3636  3615  3478  3236
  3745  3654  3442  3671  3639  3637  3482  3249
  3746  3655  3452  3695  3642  3617  3473  3246
  3746  3653  3448  3690  3569  3604  3466  3239
  3743  3656  3452  3646  3605  3652  3480  3235
  3734  3644  3447  3703  3638  3615  3478  3240
  3742  3648  3447  3681  3563  3614  3481  3240
  3736  3646  3438  3694  3636  3603  3465  3244
  3736  3642  3442  3682  3639  3635  3471  3242
  3734  3647  3446  3698  3577  3620  3474  3233
  3740  3654  3443  3685  3623  3602  3472  3238
  3737  3641  3449  3697  3610  3646  3473  3240
  3739  3655  3445  3699  3627  3615  3474  3236
  3742  3655  3445  3697  3686  3646  3467  3242
  3744  3653  3445  3697  3641  3633  3487  3237
  3739  3651  3443  3701  3639  3596  3475  3239
  3736  3656  3433  3701  3641  3636  3470  3245
  3740  3651  3436  3695  3634  3599  3465  3245
  3736  3654  3444  3692  3674  3595  3465  3232
  3737  3651  3446  3683  3627  3599  3471  3238
  3738  3649  3447  3687  3638  3599  3481  3238
  3744  3653  3442  3723  3639  3606  3482  3235
  3738  3653  3433  3727  3645  3601  3477  3240
  3740  3650  3446  3686  3639  3610  3476  3240
  3737  3653  3444  3706  3628  3602  3466  3238
  3741  3655  3442  3736  3642  3602  3478  3241
  3739  3654  3440  3629  3613  3606  3475  3233
  3737  3657  3445  3678  3625  3600  3465  3237
  3737  3654  3442  3679  3601  3597  3462  3238
  3740  3651  3440  3682  3679  3606  3479  3236
  3446  3378  3197  3406  3363  3378  3261  3234
  3448  3373  3197  3408  3361  3380  3263  3240
  3447  3377  3195  3426  3376  3403  3276  3232
  3452  3373  3200  3433  3368  3364  3267  3241
  3444  3380  3185  3432  3371  3401  3255  3234
  3451  3379  3189  3454  3381  3369  3268  3229
  3451  3375  3190  3433  3370  3370  3261  3237
  3450  3379  3198  3427  3373  3369  3260  3235
  3452  3367  3196  3438  3386  3369  3276  3237
  3450  3381  3193  3452  3373  3374  3276  3241
  3449  3382  3194  3471  3371  3382  3273  3236
  3458  3385  3199  3438  3379  3374  3276  3240
  3464  3390  3203  3452  3406  3382  3276  3255
  3464  3391  3208  3481  3402  3381  3281  3242
  3470  3400  3208  3389  3357  3389  3279  3245
  3466  3398  3216  3436  3365  3386  3275  3247
  3465  3387  3208  3438  3345  3387  3278  3240
  3466  3384  3206  3437  3423  3385  3276  3253
  3464  3388  3204  3390  3383  3376  3265  3253
  3463  3386  3204  3441  3361  3401  3268  3248
  3463  3388  3202  3447  3379  3407  3280  3239
  3466  3383  3196  3402  3368  3415  3276  3241
  3462  3386  3206  3451  3382  3378  3262  3234
  3460  3383  3205  3435  3335  3388  3271  3249
  3463  3390  3210  3389  3356  3403  3281  3249
  3461  3384  3209  3463  3385  3406  3281  3247
  3464  3383  3212  3437  3319  3380  3287  3240
  3466  3388  3209  3447  3378  3383  3272  3243
  3463  3376  3214  3442  3361  3417  3275  3249
  3466  3383  3207  3446  3320  3402  3272  3242
  3468  3385  3204  3437  3362  3381  3267  3243
  3465  3375  3204  3441  3352  3420  3270  3245
  3461  3380  3202  3443  3379  3381  3272  3239
  3464  3382  3206  3452  3391  3399  3269  3243
  3461  3384  3205  3444  3389  3411  3292  3247
  3463  3387  3206  3450  3381  3368  3278  3241
  3462  3394  3194  3450  3391  3413  3267  3247
  3460  3391  3200  3452  3404  3375  3279  3240
  3461  3385  3209  3442  3377  3383  3269  3239
  3465  3389  3207  3433  3372  3380  3274  3246
  3460  3382  3211  3448  3400  3380  3282  3252
  3461  3387  3202  3475  3378  3375  3282  3245
  3457  3387  3199  3470  3385  3374  3274  3239
  3463  3385  3199  3436  3413  3380  3276  3239
  3463  3389  3197  3457  3372  3371  3261  3237
  3460  3389  3202  3482  3376  3380  3274  3244
  3463  3399  3204  3392  3353  3369  3278  3242
  3461  3387  3207  3444  3373  3381  3271  3239
  3463  3379  3203  3434  3339  3373  3274  3246
  3461  3377  3199  3432  3418  3375  3276  3239
  3153  3091  2948  3156  3083  3153  3043  3235
  3157  3095  2947  3139  3087  3141  3044  3215
  3155  3095  2952  3162  3095  3160  3058  3227
  3152  3088  2947  3171  3094  3115  3054  3224
  3153  3090  2934  3171  3091  3126  3043  3215
  3150  3088  2929  3167  3081  3125  3042  3206
  3141  3088  2944  3164  3089  3117  3035  3206
  3138  3081  2931  3153  3072  3115  3035  3211
  3147  3083  2947  3172  3087  3130  3054  3207
  3151  3093  2947  3214  3098  3131  3059  3219
  3159  3099  2951  3219  3130  3138  3057  3215
  3161  3105  2956  3177  3108  3142  3057  3216
  3169  3112  2960  3192  3112  3140  3051  3204
  3171  3119  2954  3218  3109  3133  3057  3206
  3177  3121  2961  3129  3084  3136  3062  3214
  3173  3109  2954  3173  3094  3145  3063  3210
  3168  3102  2959  3171  3064  3141  3044  3211
  3164  3100  2952  3170  3119  3130  3052  3213
  3161  3101  2941  3140  3101  3141  3040  3208
  3165  3100  2949  3181  3097  3169  3038  3198
  3168  3105  2955  3181  3098  3164  3044  3219
  3165  3103  2954  3128  3107  3174  3052  3218
  3168  3103  2953  3187  3111  3147  3043  3206
  3164  3104  2957  3171  3029  3140  3046  3201
  3167  3107  2954  3156  3065  3164  3062  3213
  3170  3102  2960  3203  3103  3147  3060  3209
  3166  3103  2956  3168  3065  3137  3071  3211
  3166  3104  2955  3185  3103  3138  3043  3204
  3163  3099  2956  3181  3103  3176  3055  3207
  3168  3096  2961  3181  3047  3161  3051  3210
  3158  3100  2958  3175  3093  3133  3051  3214
  3167  3097  2958  3191  3075  3183  3054  3217
  3159  3104  2956  3204  3102  3126  3051  3218
  3165  3102  2959  3187  3115  3147  3052  3213
  3163  3104  2953  3185  3105  3169  3070  3216
  3164  3101  2956  3176  3101  3127  3057  3213
  3160  3105  2948  3187  3108  3165  3053  3216
  3169  3104  2945  3185  3106  3133  3056  3214
  3167  3103  2952  3182  3102  3132  3047  3213
  3164  3104  2953  3175  3098  3145  3055  3211
  3165  3098  2959  3186  3101  3131  3062  3213
  3164  3104  2953  3202  3110  3141  3059  3226
  3161  3107  2953  3224  3105  3131  3058  3209
  3166  3106  2949  3173  3098  3130  3055  3218
  3165  3109  2954  3214  3105  3137  3044  3214
  3163  3111  2947  3214  3101  3132  3060  3216
  3164  3115  2954  3124  3077  3141  3054  3213
  3165  3111  2958  3169  3096  3141  3056  3218
  3167  3104  2946  3171  3053  3139  3066  3223
  3172  3103  2965  3173  3157  3143  3058  3212
  2928  2881  2750  2921  2871  2988  2867  3218
  2929  2879  2747  2953  2882  2930  2864  3214
  2929  2881  2749  2960  2864  2965  2886  3213
  2931  2879  2748  2970  2885  2928  2874  3208
  2929  2887  2750  2969  2880  2958  2870  3224
  2929  2881  2743  2975  2887  2947  2877  3219
  2932  2885  2751  2967  2879  2933  2870  3221
  2934  2880  2744  2956  2866  2933  2871  3199
  2930  2872  2748  2966  2884  2933  2880  3215
  2934  2878  2748  2992  2881  2933  2886  3209
  2931  2878  2739  2988  2879  2929  2871  3220
  2932  2877  2749  2956  2882  2929  2874  3219
  2935  2886  2744  2999  2884  2933  2864  3215
  2932  2888  2745  2999  2879  2930  2878  3217
  2931  2886  2742  2920  2857  2935  2879  3214
  2936  2890  2755  2955  2873  2946  2865  3216
  2935  2885  2748  2958  2852  2938  2875  3208
  2934  2874  2753  2960  2901  2933  2879  3221
  2935  2881  2740  2909  2884  2944  2865  3225
  2938  2885  2751  2967  2896  2966  2868  3216
  2936  2881  2749  2969  2882  2931  2876  3221
  2933  2881  2747  2953  2875  2970  2875  3221
  2936  2882  2744  2962  2870  2949  2862  3223
  2933  2881  2752  2954  2828  2941  2864  3212
  2933  2881  2755  2907  2848  2956  2880  3218
  2934  2879  2746  2968  2884  2950  2879  3214
  2932  2879  2750  2961  2841  2961  2888  3224
  2936  2879  2750  2971  2887  2957  2865  3219
  2936  2875  2759  2965  2870  2976  2875  3219
  2930  2875  2756  2974  2807  2957  2874  3224
  2935  2881  2748  2957  2926  2941  2868  3212
  2935  2871  2750  2968  2853  2977  2870  3223
  2933  2882  2752  2968  2888  2937  2870  3218
  2937  2883  2748  2970  2886  2956  2871  3226
  2934  2883  2749  2976  2884  2967  2885  3220
  2933  2874  2757  2971  2890  2939  2877  3218
  2933  2887  2741  2969  2882  2960  2876  3218
  2935  2881  2743  2975  2884  2938  2877  3222
  2933  2887  2748  2968  2906  2936  2874  3205
  2934  2887  2746  2958  2871  2930  2869  3214
  2934  2875  2749  2970  2886  2937  2880  3221
  2931  2884  2751  3000  2881  2941  2885  3219
  2931  2881  2742  2973  2882  2941  2875  3218
  2931  2878  2749  2957  2879  2940  2879  3212
  2934  2885  2745  2973  2885  2935  2864  3205
  2934  2883  2738  3002  2876  2937  2873  3219
  2937  2891  2747  2907  2861  2943  2878  3209
  2930  2884  2750  2952  2867  2939  2872  3212
  2933  2879  2741  2956  2842  2936  2876  3211
  2933  2880  2748  2953  2892  2940  2879  3215
  2753  2709  2590  2788  2702  2831  2725  3191
  2756  2711  2589  2790  2702  2783  2723  3192
  2757  2714  2591  2796  2695  2813  2737  3192
  2758  2706  2594  2799  2708  2777  2730  3186
  2758  2711  2585  2798  2714  2787  2727  3191
  2755  2708  2586  2803  2709  2781  2733  3191
  2757  2714  2592  2796  2744  2783  2728  3185
  2753  2711  2589  2788  2698  2778  2727  3188
  2756  2701  2599  2803  2711  2779  2737  3190
  2755  2709  2593  2808  2710  2786  2740  3192
  2753  2710  2587  2811  2720  2784  2734  3189
  2755  2709  2589  2791  2715  2777  2732  3197
  2756  2717  2592  2817  2708  2788  2734  3187
  2759  2713  2590  2832  2706  2774  2734  3184
  2755  2720  2589  2746  2685  2774  2731  3198
  2757  2714  2593  2788  2696  2780  2721  3185
  2756  2710  2589  2786  2673  2780  2720  3199
  2759  2710  2596  2786  2749  2776  2730  3192
  2755  2707  2583  2740  2705  2785  2717  3200
  2754  2715  2585  2795  2692  2814  2720  3196
  2758  2715  2591  2804  2708  2773  2716  3189
  2759  2710  2586  2781  2711  2802  2731  3196
  2756  2713  2598  2800  2711  2778  2727  3190
  2764  2710  2591  2789  2635  2776  2725  3194
  2756  2709  2601  2746  2700  2810  2735  3200
  2756  2707  2595  2816  2700  2795  2740  3193
  2758  2711  2591  2792  2678  2792  2742  3197
  2759  2707  2594  2799  2710  2833  2721  3199
  2760  2707  2597  2792  2699  2818  2730  3193
  2757  2704  2596  2799  2638  2795  2727  3198
  2755  2706  2592  2793  2695  2784  2725  3196
  2760  2704  2595  2799  2680  2824  2729  3194
  2757  2708  2590  2821  2701  2777  2721  3196
  2761  2709  2592  2799  2712  2828  2724  3195
  2760  2711  2600  2805  2704  2811  2746  3193
  2755  2708  2591  2807  2704  2777  2733  3190
  2758  2716  2583  2805  2704  2800  2729  3202
  2762  2714  2584  2803  2717  2775  2733  3200
  2754  2710  2600  2797  2712  2780  2727  3197
  2759  2713  2593  2791  2703  2784  2728  3193
  2761  2702  2599  2805  2714  2779  2738  3198
  2757  2715  2592  2827  2705  2787  2739  3197
  2759  2713  2591  2834  2710  2778  2734  3197
  2761  2706  2594  2791  2709  2787  2732  3194
  2755  2713  2591  2811  2712  2773  2718  3202
  2759  2714  2587  2834  2716  2780  2731  3198
  2760  2719  2592  2742  2690  2773  2734  3203
  2759  2717  2593  2790  2699  2785  2726  3200
  2755  2711  2589  2789  2680  2786  2722  3186
  2758  2706  2593  2792  2737  2782  2731  3195
  2650  2606  2491  2648  2592  2724  2630  3195
  2648  2605  2488  2650  2586  2732  2627  3190
  2646  2605  2493  2676  2594  2709  2646  3188
  2646  2600  2496  2691  2582  2670  2637  3196
  2645  2608  2478  2686  2592  2654  2629  3191
  2642  2600  2485  2695  2605  2678  2637  3188
  2648  2603  2496  2696  2593  2676  2636  3190
  2645  2605  2498  2679  2587  2680  2633  3191
  2646  2591  2500  2693  2597  2678  2644  3201
  2648  2602  2484  2716  2595  2677  2645  3190
  2646  2603  2492  2726  2586  2683  2637  3191
  2646  2598  2487  2683  2597  2689  2637  3181
  2643  2603  2490  2711  2597  2675  2623  3185
  2645  2609  2494  2722  2601  2675  2638  3187
  2646  2610  2488  2630  2569  2684  2634  3186
  2649  2608  2499  2679  2583  2679  2636  3189
  2649  2599  2484  2681  2552  2676  2623  3189
  2648  2591  2493  2680  2613  2684  2636  3191
  2651  2601  2480  2635  2598  2675  2628  3196
  2648  2603  2491  2692  2589  2714  2628  3182
  2648  2605  2486  2691  2598  2675  2641  3188
  2651  2596  2487  2647  2596  2706  2627  3189
  2647  2600  2493  2695  2600  2683  2637  3193
  2646  2600  2489  2677  2553  2682  2625  3192
  2650  2601  2492  2639  2563  2725  2642  3191
  2648  2599  2494  2685  2598  2701  2644  3195
  2647  2601  2488  2686  2546  2692  2652  3195
  2648  2601  2496  2692  2596  2721  2623  3202
  2650  2600  2495  2694  2575  2721  2643  3202
  2650  2603  2500  2690  2547  2700  2636  3206
  2652  2602  2494  2685  2586  2674  2632  3208
  2648  2598  2499  2693  2572  2711  2630  3200
  2651  2604  2494  2699  2586  2686  2630  3199
  2653  2605  2490  2701  2608  2730  2634  3193
  2650  2603  2494  2693  2601  2706  2650  3198
  2650  2597  2501  2696  2592  2678  2637  3199
  2650  2609  2484  2691  2602  2683  2638  3209
  2654  2606  2494  2696  2599  2677  2639  3193
  2646  2606  2494  2690  2602  2685  2636  3187
  2653  2603  2495  2681  2581  2677  2637  3207
  2652  2597  2502  2695  2600  2677  2648  3195
  2651  2607  2492  2707  2602  2677  2645  3204
  2649  2608  2488  2716  2612  2682  2641  3191
  2651  2606  2493  2685  2593  2690  2643  3197
  2652  2608  2495  2704  2600  2686  2623  3196
  2647  2606  2490  2728  2599  2678  2641  3199
  2653  2615  2494  2629  2570  2673  2642  3203
  2649  2608  2497  2687  2588  2674  2637  3199
  2650  2601  2488  2681  2565  2683  2636  3211
  2652  2601  2495  2681  2611  2678  2639  3212
  2576  2535  2430  2607  2516  2619  2569  3183
  2581  2536  2420  2608  2523  2616  2567  3185
  2579  2539  2432  2620  2511  2646  2594  3183
  2582  2528  2437  2649  2524  2611  2575  3181
  2581  2541  2422  2626  2522  2648  2570  3180
  2583  2534  2422  2623  2537  2609  2580  3177
  2582  2535  2430  2622  2522  2609  2568  3181
  2580  2536  2430  2610  2521  2615  2576  3180
  2582  2529  2429  2627  2522  2611  2586  3178
  2582  2538  2428  2641  2524  2613  2581  3180
  2578  2537  2425  2634  2522  2616  2575  3180
  2584  2534  2430  2612  2526  2609  2577  3183
  2584  2543  2427  2631  2518  2619  2565  3180
  2580  2544  2422  2655  2528  2612  2577  3173
  2581  2546  2426  2556  2477  2610  2576  3186
  2582  2539  2424  2614  2515  2618  2566  3182
  2583  2535  2427  2619  2496  2608  2564  3186
  2580  2533  2433  2612  2571  2608  2578  3186
  2579  2535  2420  2563  2534  2619  2576  3188
  2584  2536  2419  2616  2507  2642  2563  3177
  2581  2540  2430  2623  2517  2603  2578  3185
  2581  2538  2428  2586  2512  2643  2576  3175
  2580  2533  2428  2624  2528  2610  2561  3185
  2583  2533  2434  2612  2458  2612  2563  3174
  2584  2539  2435  2569  2491  2631  2581  3179
  2583  2537  2438  2645  2523  2630  2584  3178
  2580  2534  2436  2615  2456  2623  2593  3185
  2583  2534  2429  2623  2521  2611  2564  3171
  2582  2527  2431  2616  2517  2650  2572  3189
  2583  2531  2432  2633  2452  2637  2570  3184
  2585  2535  2427  2621  2546  2610  2572  3188
  2581  2532  2432  2624  2496  2649  2571  3188
  2582  2534  2431  2626  2515  2605  2572  3181
  2585  2535  2432  2621  2519  2624  2572  3183
  2579  2538  2432  2622  2526  2643  2594  3177
  2579  2528  2437  2622  2513  2606  2580  3181
  2584  2542  2432  2625  2527  2631  2572  3184
  2582  2539  2423  2636  2512  2606  2579  3189
  2582  2539  2435  2620  2528  2614  2575  3178
  2584  2537  2437  2615  2524  2618  2576  3185
  2582  2530  2431  2624  2524  2612  2584  3185
  2582  2539  2428  2657  2522  2618  2584  3181
  2582  2539  2424  2655  2525  2624  2579  3181
  2582  2534  2428  2615  2524  2614  2576  3171
  2576  2544  2430  2632  2522  2613  2563  3186
  2580  2544  2428  2653  2516  2613  2580  3178
  2587  2547  2427  2586  2509  2614  2579  3187
  2586  2540  2433  2614  2517  2617  2565  3191
  2581  2535  2429  2615  2494  2611  2570  3178
  2578  2530  2425  2612  2574  2621  2580  3186
  2542  2494  2386  2559  2476  2599  2526  3192
  2538  2497  2388  2538  2471  2590  2528  3185
  2538  2494  2389  2568  2475  2607  2543  3193
  2536  2491  2395  2575  2478  2566  2540  3188
  2536  2500  2379  2576  2471  2604  2528  3194
  2538  2493  2379  2576  2481  2579  2538  3195
  2541  2492  2381  2578  2472  2570  2528  3193
  2536  2496  2387  2568  2474  2567  2530  3196
  2539  2487  2388  2574  2477  2565  2545  3195
  2537  2492  2383  2584  2476  2570  2546  3190
  2537  2495  2382  2599  2477  2569  2539  3194
  2539  2493  2387  2566  2474  2568  2537  3194
  2542  2501  2379  2586  2472  2569  2523  3192
  2537  2496  2384  2608  2471  2572  2538  3197
  2539  2500  2379  2529  2451  2578  2537  3185
  2538  2499  2391  2564  2465  2572  2525  3189
  2537  2495  2376  2564  2433  2565  2522  3196
  2536  2490  2385  2564  2524  2563  2538  3186
  2540  2491  2382  2525  2481  2567  2523  3193
  2539  2494  2385  2577  2460  2587  2522  3189
  2537  2497  2381  2582  2463  2542  2538  3186
  2539  2489  2378  2529  2467  2595  2533  3196
  2538  2491  2385  2577  2461  2575  2521  3192
  2538  2490  2387  2562  2419  2568  2520  3194
  2538  2492  2388  2522  2439  2588  2542  3189
  2537  2485  2392  2572  2472  2621  2541  3177
  2532  2490  2389  2570  2413  2572  2552  3190
  2539  2489  2393  2574  2478  2567  2526  3190
  2539  2485  2394  2577  2464  2606  2538  3192
  2538  2487  2393  2576  2410  2594  2531  3191
  2538  2492  2383  2570  2472  2572  2529  3193
  2537  2488  2388  2577  2448  2612  2530  3192
  2539  2491  2381  2580  2469  2562  2532  3191
  2538  2489  2397  2578  2473  2576  2533  3185
  2537  2489  2389  2579  2482  2602  2548  3198
  2541  2487  2392  2579  2474  2568  2533  3198
  2537  2492  2376  2575  2475  2601  2531  3183
  2537  2492  2380  2578  2476  2569  2533  3191
  2538  2494  2391  2576  2479  2577  2526  3191
  2539  2492  2382  2566  2473  2571  2532  3189
  2541  2485  2391  2596  2478  2575  2542  3183
  2536  2492  2383  2590  2476  2574  2547  3184
  2540  2494  2381  2588  2475  2571  2532  3194
  2538  2489  2383  2566  2476  2563  2537  3196
  2538  2497  2389  2598  2479  2563  2525  3192
  2537  2495  2381  2611  2472  2564  2525  3188
  2534  2501  2381  2524  2444  2570  2538  3182
  2538  2499  2384  2563  2465  2567  2517  3176
  2537  2488  2381  2564  2441  2568  2517  3172
  2534  2480  2384  2561  2486  2569  2520  3178
