  6403  6080  5991  6363  6342  9486 17934  5891  6950  6147  6420  5731  6286  6113  7951  6970
  6399  6082  5991  6373  6309  9520 18054  5898  6945  6142  6419  5732  6261  6135  7961  6976
  6400  6085  5995  6345  6323  9509 17971  5894  6947  6145  6414  5733  6266  6123  7963  6979
  6397  6078  5990  6336  6336  9462 17716  5885  6948  6140  6415  5732  6266  6111  7972  6964
  6402  6083  5993  6362  6307  9428 17491  5888  6947  6144  6416  5727  6263  6124  7961  6974
  6405  6077  5989  6355  6302  9442 17487  5888  6946  6145  6414  5730  6261  6116  7971  6974
  6394  6082  5991  6331  6326  9451 17632  5889  6946  6147  6424  5736  6261  6133  7958  6976
  6400  6078  5983  6361  6346  9432 17625  5890  6951  6146  6413  5739  6272  6122  7963  6968
  6398  6084  5994  6365  6331  9464 17760  5896  6946  6142  6418  5741  6263  6124  7958  6973
  6406  6076  5989  6372  6343  9487 17857  5893  6944  6139  6419  5732  6269  6121  7972  6975
  6398  6082  5995  6368  6325  9485 17837  5893  6947  6136  6412  5732  6260  6128  7962  6970
  6401  6081  5990  6371  6339  9450 17715  5895  6944  6143  6423  5725  6262  6122  7953  6970
  6406  6078  5989  6373  6321  9431 17519  5889  6946  6148  6414  5732  6274  6122  7957  6980
  6401  6079  5987  6377  6336  9440 17584  5887  6951  6141  6428  5732  6260  6120  7975  6977
  6398  6074  5988  6349  6303  9446 17618  5889  6940  6148  6415  5735  6276  6120  7960  6982
  6405  6081  5991  6363  6334  9449 17682  5865  6942  6142  6423  5733  6276  6115  7955  6976
  6399  6082  5992  6362  6305  9462 17784  5893  6946  6145  6418  5737  6266  6125  7955  6975
  6403  6081  5992  6365  6321  9486 17874  5896  6947  6140  6413  5726  6256  6117  7961  6975
  6395  6084  5992  6380  6330  9470 17837  5896  6948  6145  6421  5727  6259  6124  7963  6977
  6401  6078  5995  6364  6299  9445 17649  5895  6947  6144  6419  5724  6295  6121  7958  6972
  6403  6086  5994  6377  6309  9441 17569  5896  6949  6151  6418  5728  6256  6120  7997  6978
  6396  6083  5991  6339  6306  9449 17561  5891  6943  6144  6421  5723  6257  6120  7956  6975
  6397  6077  5995  6383  6332  9449 17690  5892  6946  6143  6418  5741  6255  6124  7968  6968
  6400  6077  5989  6382  6311  9473 17892  5894  6945  6149  6415  5728  6295  6117  7961  6969
  6399  6081  5993  6340  6334  9537 18265  5889  6947  6147  6419  5731  6269  6125  7974  6971
  6399  6081  5992  6376  6314  9556 18312  5893  6949  6147  6415  5728  6256  6122  7960  6974
  6397  6080  5993  6383  6346  9551 18303  5896  6944  6149  6421  5728  6261  6113  7956  6976
  6401  6079  5993  6337  6330  9532 18225  5894  6944  6144  6423  5732  6258  6125  7955  6969
  6404  6082  5990  6370  6338  9511 18022  5898  6943  6143  6426  5726  6267  6132  7964  6975
  6402  6080  5990  6366  6317  9482 17932  5897  6949  6141  6421  5732  6256  6115  7963  6970
  6402  6081  5993  6345  6326  9495 17881  5895  6946  6145  6418  5735  6267  6127  7960  6968
  6399  6081  5989  6373  6309  9483 17858  5897  6941  6151  6413  5731  6265  6127  7948  6972
  6402  6088  5994  6376  6304  9490 17878  5897  6944  6138  6417  5730  6267  6117  7961  6970
  6404  6075  5989  6349  6320  9523 18066  5897  6948  6143  6422  5732  6261  6117  7952  6979
  6399  6083  5993  6346  6337  9535 18238  5895  6946  6141  6414  5732  6273  6118  7947  6972
  6399  6079  5994  6366  6344  9541 18217  5893  6946  6141  6420  5736  6268  6119  7954  6972
  6399  6079  5993  6375  6306  9524 18079  5889  6947  6148  6418  5729  6257  6126  7959  6977
  6398  6080  5991  6355  6336  9514 17976  5893  6945  6144  6421  5725  6261  6115  7959  6973
  6397  6083  5995  6369  6315  9498 17883  5897  6946  6149  6416  5756  6255  6121  7965  6970
  6399  6079  5992  6346  6316  9481 17870  5887  6947  6142  6414  5727  6272  6119  7956  6975
  6398  6079  5995  6373  6317  9503 18002  5891  6943  6144  6419  5732  6264  6118  7952  6969
  6397  6082  5999  6367  6313  9517 18099  5896  6943  6141  6419  5731  6257  6118  7949  6974
  6400  6083  5992  6356  6312  9540 18258  5891  6943  6142  6421  5735  6271  6121  7946  6970
  6403  6084  5990  6322  6308  9537 18216  5900  6943  6144  6426  5725  6261  6117  7949  6974
  6397  6085  5995  6348  6352  9539 18180  5894  6949  6141  6415  5724  6252  6112  7956  6973
  6395  6081  5992  6380  6345  9498 18005  5893  6948  6141  6421  5728  6253  6123  7951  6974
  6395  6079  5992  6380  6309  9495 18016  5896  6945  6146  6422  5735  6263  6117  7954  6974
  6403  6079  5993  6366  6337  9508 17997  5896  6944  6142  6418  5730  6259  6112  7957  6973
  6399  6083  5984  6341  6342  9524 18105  5898  6946  6144  6421  5731  6254  6122  7963  6969
  6399  6086  5993  6340  6310  9511 18074  5885  6947  6143  6423  5739  6262  6112  7943  6975
  6398  6079  5984  6346  6337  9524 18115  5897  6941  6136  6419  5732  6255  6118  7962  6967
  6403  6083  5993  6349  6309  9519 18069  5897  6948  6138  6415  5725  6254  6120  7957  6974
  6401  6080  5991  6373  6327  9528 18165  5896  6943  6145  6417  5729  6260  6120  7964  6978
  6401  6082  5992  6374  6319  9520 18085  5891  6948  6148  6418  5731  6262  6110  7955  6973
  6397  6078  5988  6374  6303  9514 17989  5862  6945  6151  6422  5730  6254  6114  7961  6975
  6401  6084  5997  6380  6312  9527 18070  5900  6949  6143  6422  5737  6254  6131  7947  6977
  6398  6083  5992  6379  6310  9517 18095  5893  6945  6141  6425  5727  6253  6121  7952  6971
  6400  6079  5988  6374  6305  9503 18022  5888  6947  6146  6425  5734  6265  6118  7947  6967
  6399  6079  5989  6370  6307  9508 17942  5891  6947  6152  6421  5735  6259  6119  7956  6976
  6397  6079  5989  6356  6324  9516 18010  5892  6943  6140  6417  5725  6259  6115  7954  6970
  6399  6083  5997  6327  6348  9528 18607  5899  6944  6150  6421  5729  6266  6128  7973  6985
  6400  6082  5993  6368  6315  9696 19549  5905  6948  6150  6422  5739  6270  6122  7975  6971
  6403  6084  5996  6352  6325  9717 19658  5903  6944  6144  6416  5740  6266  6134  7994  6968
  6409  6083  5993  6307  6339  9943 21881  5920  6954  6156  6425  5739  6270  6156  8023  6982
  6402  6083  5993  6353  6388 10311 25738  5945  6950  6154  6427  5739  6279  6162  8059  6975
  6406  6083  5996  6364  6355 10371 26040  5946  6953  6153  6422  5745  6289  6171  8063  6984
  6404  6081  6003  6376  6363 10375 25985  5941  6955  6154  6427  5738  6278  6165  8069  6976
  6407  6087  5999  6391  6388 10341 25768  5944  6951  6147  6421  5735  6278  6163  8072  6976
  6411  6084  5999  6366  6366 10323 25543  5944  6957  6149  6430  5735  6276  6166  8070  6973
  6404  6090  5995  6337  6379 10351 25725  5926  6952  6151  6432  5736  6278  6160  8058  6977
  6403  6085  6001  6367  6366 10343 25725  5943  6950  6158  6424  5741  6275  6169  8059  6974
  6404  6084  5998  6344  6377 10335 25811  5940  6951  6149  6428  5744  6288  6171  8059  6980
  6405  6078  5990  6345  6373 10354 25776  5941  6951  6146  6430  5731  6295  6161  8069  6976
  6402  6083  5993  6372  6375 10366 25914  5942  6949  6151  6431  5741  6280  6174  8077  6981
  6399  6086  5996  6360  6389 10327 25719  5943  6957  6148  6430  5732  6289  6160  8061  6978
  6410  6087  5990  6384  6389 10302 25474  5939  6956  6155  6426  5741  6289  6169  8069  6973
  6410  6081  5997  6359  6381 10333 25661  5942  6949  6152  6425  5735  6282  6175  8072  6976
  6403  6086  5997  6326  6358 10352 25887  5943  6953  6152  6432  5754  6282  6164  8066  6981
  6407  6084  5991  6339  6400 10342 26009  5943  6951  6153  6425  5737  6286  6162  8061  6979
  6406  6085  5992  6361  6364 10370 26008  5947  6956  6157  6430  5753  6293  6164  8067  6977
  6411  6083  5996  6354  6369 10396 26237  5945  6953  6153  6422  5743  6289  6172  8086  6979
  6406  6088  5998  6352  6362 10370 25942  5943  6954  6147  6429  5740  6276  6162  8063  6978
  6410  6083  5998  6385  6370 10339 25810  5940  6949  6154  6434  5748  6284  6178  8065  6978
  6405  6085  5990  6389  6388 10359 25765  5942  6951  6149  6425  5735  6290  6171  8067  6980
  6406  6085  5990  6341  6376 10360 25986  5944  6954  6160  6431  5715  6293  6167  8064  6978
  6400  6083  5993  6373  6360 10349 25737  5937  6949  6153  6429  5737  6282  6164  8076  6971
  6404  6082  5997  6367  6359 10342 25777  5943  6949  6150  6435  5747  6283  6172  8094  6980
  6404  6082  5995  6383  6385 10640 29199  5963  6955  6155  6431  5742  6291  6192  8121  6976
  6407  6084  5994  6381  6407 10673 29566  5969  6952  6153  6435  5758  6287  6194  8123  6976
  6408  6085  5999  6355  6424 10917 33843  6001  6961  6155  6439  5744  6298  6211  8173  6982
  6416  6090  6000  6371  6411 11442 42322  6059  6960  6159  6437  5741  6305  6235  8224  6985
  6416  6091  6005  6373  6417 11586 43773  6075  6959  6164  6447  5761  6308  6232  8218  6981
  6415  6091  5993  6339  6439 11592 44307  6079  6961  6161  6439  5734  6306  6229  8223  6980
  6415  6097  6001  6344  6418 11563 44129  6078  6963  6167  6445  5751  6297  6242  8221  6977
  6413  6090  5995  6342  6425 11585 44132  6077  6961  6160  6446  5778  6301  6216  8226  6978
  6413  6090  6000  6389  6397 11563 44169  6079  6960  6162  6435  5753  6301  6222  8223  6976
  6421  6093  6001  6340  6437 11564 43845  6083  6961  6165  6440  5748  6305  6219  8231  6980
  6411  6090  5994  6383  6395 11547 43646  6072  6957  6159  6437  5750  6317  6237  8225  6987
  6419  6092  5997  6338  6408 11552 43875  6082  6962  6158  6438  5747  6300  6225  8225  6976
  6415  6088  6000  6361  6432 11544 43836  6078  6962  6160  6436  5755  6302  6231  8226  6980
  6414  6088  5999  6368  6394 11464 42527  6068  6965  6153  6438  5750  6299  6242  8236  6986
  6413  6092  5999  6384  6405 11476 42431  6063  6966  6158  6434  5746  6319  6224  8231  6983
  6411  6090  5993  6391  6422 11500 42810  6069  6964  6157  6444  5755  6303  6236  8231  6971
  6418  6090  6000  6368  6416 11541 43605  6076  6971  6166  6442  5757  6302  6222  8225  6983
  6416  6090  5999  6388  6402 11574 44058  6081  6962  6163  6439  5759  6307  6237  8222  6975
  6416  6089  6003  6387  6399 11607 44681  6081  6965  6163  6440  5758  6326  6232  8244  6980
  6411  6089  6001  6367  6436 11594 44130  6077  6960  6155  6437  5752  6308  6236  8216  6987
  6409  6093  5999  6375  6422 11581 44038  6085  6965  6161  6444  5747  6308  6238  8269  6990
  6417  6090  6004  6374  6415 11888 49993  6127  6964  6164  6447  5762  6324  6248  8276  6979
  6420  6096  5996  6370  6412 11937 52397  6165  6966  6167  6444  5758  6321  6267  8315  6985
  6420  6095  6005  6378  6414 12367 63477  6266  6972  6170  6444  5768  6325  6276  8374  6985
  6426  6101  6004  6388  6422 13134 65535  6567  6976  6179  6448  5766  6335  6309  8431  6987
  6423  6098  5996  6359  6419 13232 65535  6563  6975  6177  6456  5789  6343  6314  8441  6986
  6428  6096  6008  6380  6417 13230 65535  6582  6976  6166  6453  5776  6338  6319  8432  6982
  6428  6100  6004  6340  6445 13147 65535  6551  6976  6165  6451  5766  6340  6311  8430  6982
  6420  6097  6011  6377  6415 13127 65535  6524  6976  6176  6455  5766  6348  6314  8432  6985
  6423  6101  6002  6367  6434 13146 65535  6573  6975  6171  6452  5773  6334  6310  8454  6981
  6428  6099  6001  6383  6429 13133 65535  6566  6978  6172  6460  5764  6351  6319  8427  6988
  6426  6099  6000  6380  6419 13090 65535  6530  6974  6166  6457  5768  6354  6309  8431  6985
  6424  6097  6010  6391  6454 13127 65535  6553  6978  6165  6455  5768  6344  6284  8438  6990
  6424  6092  6007  6391  6416 13131 65535  6580  6977  6170  6450  5776  6342  6303  8432  6992
  6423  6100  6004  6382  6438 13085 65535  6561  6973  6171  6451  5772  6339  6299  8423  6990
  6423  6103  6006  6379  6415 13117 65535  6539  6977  6170  6453  5769  6355  6305  8425  6980
  6424  6102  6005  6361  6416 13126 65535  6540  6975  6172  6455  5777  6338  6313  8454  6984
  6421  6096  6006  6337  6420 13097 65535  6548  6976  6169  6452  5787  6341  6310  8437  6978
  6424  6098  6005  6370  6429 13108 65535  6574  6976  6173  6458  5762  6350  6312  8443  6983
  6427  6094  6006  6370  6430 13127 65535  6561  6976  6168  6448  5778  6336  6332  8482  6995
  6429  6099  6004  6385  6437 13727 65535  6961  6982  6171  6450  5774  6339  6344  8510  6990
  6430  6108  6006  6382  6442 13733 65535  6973  6979  6173  6455  5771  6343  6335  8523  6999
  6434  6101  6008  6366  6458 14116 65535  7272  6980  6181  6464  5783  6382  6388  8690  6991
  6433  6104  6014  6381  6424 13887 65535  7271  6985  6181  6466  5780  6382  6454  8887  6990
  6438  6115  6018  6400  6415 13623 65535  7226  6992  6189  6476  5794  6386  6462  8894  6993
  6442  6107  6014  6364  6450 13599 65535  7242  6988  6187  6469  5782  6379  6462  8887  6988
  6434  6109  6015  6401  6414 13650 65535  7257  6991  6190  6478  5786  6385  6465  8903  6989
  6446  6107  6009  6402  6426 13695 65535  7299  6990  6187  6464  5781  6378  6456  8899  6992
  6438  6109  6014  6387  6451 13603 65535  7245  6993  6191  6469  5790  6379  6460  8895  6989
  6441  6113  6017  6368  6449 13587 65535  7253  6989  6187  6479  5784  6383  6464  8899  6995
  6435  6109  6019  6376  6438 13557 65535  7259  6987  6181  6476  5789  6388  6470  8950  6995
  6443  6113  6018  6386  6450 13544 65535  7240  6992  6188  6476  5799  6383  6462  8897  6993
  6434  6113  6016  6380  6459 13565 65535  7209  6985  6182  6472  5797  6391  6463  8910  6988
  6438  6113  6023  6343  6436 13659 65535  7247  6988  6178  6469  5782  6400  6456  8885  6995
  6442  6112  6015  6353  6415 13645 65535  7285  6988  6181  6465  5786  6385  6459  8902  6987
  6440  6113  6012  6357  6423 13610 65535  7253  6994  6183  6468  5793  6390  6461  8892  6987
  6443  6107  6023  6395  6450 13569 65535  7223  6996  6179  6470  5776  6385  6454  8887  6990
  6438  6108  6019  6398  6414 13611 65535  7259  6993  6182  6468  5769  6399  6468  8923  6993
  6442  6116  6017  6363  6429 13659 65535  7236  6989  6182  6467  5783  6383  6458  8896  6985
  6439  6112  6021  6358  6458 13638 65535  7353  6988  6184  6483  5812  6390  6512  9084  6993
  6441  6116  6019  6380  6417 13200 65535  7131  6992  6180  6481  5799  6399  6522  9116  6994
  6449  6121  6015  6366  6407 13227 65535  7264  6996  6187  6476  5790  6413  6547  9291  6996
  6455  6122  6024  6379  6470 13205 65535  7328  7005  6196  6486  5797  6450  6637  9590  7005
  6461  6128  6035  6403  6415 13030 65535  7257  7009  6200  6490  5830  6450  6718  9879  7001
  6463  6132  6029  6395  6421 12992 65535  7293  7007  6201  6497  5812  6451  6728  9896  7010
  6461  6128  6035  6403  6404 13005 65535  7334  7005  6205  6491  5829  6450  6709  9888  7011
  6461  6129  6034  6414  6424 12959 65535  7340  7010  6205  6491  5814  6446  6712  9873  7007
  6458  6134  6033  6408  6436 12894 65535  7305  7008  6201  6492  5827  6450  6709  9877  7000
  6464  6133  6040  6396  6401 12920 65535  7314  7013  6201  6491  5812  6468  6692  9884  7008
  6466  6129  6037  6377  6409 12965 65535  7285  7010  6203  6500  5809  6461  6723  9897  6999
  6460  6128  6034  6385  6452 12970 65535  7271  7007  6201  6484  5812  6459  6707  9883  7004
  6465  6131  6032  6392  6420 12965 65535  7263  7005  6199  6501  5819  6448  6715  9885  7017
  6465  6129  6030  6403  6435 12967 65535  7307  7007  6202  6497  5809  6447  6705  9891  7005
  6468  6132  6029  6392  6443 12916 65535  7328  7014  6196  6493  5817  6445  6716  9863  7008
  6471  6130  6037  6414  6435 12945 65535  7297  7009  6205  6498  5809  6457  6716  9897  7012
  6462  6128  6036  6415  6425 12951 65535  7276  7011  6200  6491  5819  6445  6711  9883  7009
  6463  6131  6035  6400  6425 12936 65535  7237  7011  6200  6494  5836  6453  6720  9901  7011
  6468  6133  6038  6406  6417 12726 65535  7354  7016  6203  6499  5810  6470  6754 10184  7016
  6464  6139  6035  6408  6419 12654 65535  7353  7015  6201  6498  5823  6463  6783 10236  7008
  6472  6142  6039  6416  6422 12692 65535  7434  7020  6212  6501  5826  6484  6894 10800  7012
  6480  6142  6042  6414  6403 12674 65535  7443  7029  6216  6515  5842  6519  7060 11780  7024
  6496  6154  6056  6424  6446 12417 65535  7361  7039  6223  6521  5845  6529  7070 11828  7030
  6495  6159  6055  6427  6421 12417 65535  7323  7037  6225  6525  5834  6530  7086 11860  7023
  6496  6157  6060  6429  6411 12427 65535  7356  7040  6222  6518  5838  6529  7069 11839  7031
  6497  6154  6056  6413  6419 12422 65535  7386  7034  6229  6524  5835  6526  7081 11874  7025
  6498  6155  6056  6434  6425 12432 65535  7400  7038  6227  6522  5837  6561  7072 11828  7026
  6500  6155  6059  6390  6424 12471 65535  7402  7039  6222  6518  5843  6534  7081 11845  7031
  6494  6156  6052  6402  6403 12478 65535  7413  7038  6225  6517  5855  6530  7069 11849  7027
  6497  6153  6060  6398  6430 12487 65535  7413  7040  6224  6525  5861  6544  7075 11889  7029
  6497  6154  6060  6392  6425 12435 65535  7369  7034  6222  6520  5835  6546  7076 11854  7029
  6498  6157  6059  6426  6410 12399 65535  7308  7035  6226  6525  5843  6541  7092 11909  7029
  6496  6158  6056  6408  6440 12430 65535  7300  7036  6228  6522  5838  6526  7078 11856  7030
  6495  6154  6065  6396  6430 12466 65535  7314  7041  6226  6518  5870  6542  7082 11873  7028
  6494  6154  6058  6429  6412 12441 65535  7340  7039  6225  6519  5835  6542  7086 11825  7026
  6497  6154  6060  6407  6405 12413 65535  7309  7035  6225  6515  5835  6524  7072 11820  7025
  6497  6156  6058  6411  6408 12418 65535  7353  7041  6222  6523  5848  6521  7072 11829  7034
  6497  6155  6057  6420  6433 12482 65535  7358  7038  6226  6516  5853  6537  7076 11824  7030
  6503  6159  6051  6421  6404 12472 65535  7345  7035  6226  6519  5835  6532  7072 11838  7032
  6503  6152  6052  6396  6415 12430 65535  7481  7046  6228  6525  5862  6550  7186 12737  7038
  6512  6166  6065  6438  6414 11917 65535  7004  7049  6232  6519  5871  6549  7248 13016  7045
  6507  6165  6073  6440  6436 11967 65535  7159  7053  6232  6531  5871  6566  7317 13517  7048
  6523  6175  6074  6410  6400 11961 65535  7580  7061  6240  6539  5876  6581  7417 14936  7076
  6539  6186  6087  6438  6419 11703 65535  7554  7081  6253  6555  5874  6609  7541 16479  7112
  6549  6193  6090  6449  6395 11599 65535  7534  7075  6253  6548  5876  6608  7561 16592  7112
  6551  6196  6089  6444  6401 11601 65535  7593  7082  6255  6547  5877  6611  7544 16536  7116
  6542  6195  6086  6404  6401 11585 65535  7571  7082  6252  6548  5880  6619  7538 16528  7111
  6549  6197  6094  6410  6391 11602 65535  7582  7080  6256  6552  5883  6611  7547 16552  7107
  6546  6195  6090  6460  6394 11605 65535  7564  7072  6257  6548  5879  6617  7558 16691  7120
  6546  6194  6090  6460  6413 11606 65535  7534  7082  6258  6552  5878  6624  7556 16612  7119
  6546  6195  6094  6411  6405 11560 65535  7484  7081  6252  6559  5886  6609  7542 16560  7102
  6550  6194  6088  6452  6387 11573 65535  7500  7080  6250  6561  5875  6609  7545 16522  7109
  6550  6199  6089  6410  6435 11606 65535  7571  7081  6263  6546  5871  6607  7549 16578  7122
  6547  6193  6089  6411  6424 11609 65535  7571  7083  6253  6546  5874  6605  7544 16495  7120
  6546  6194  6087  6453  6410 11588 65535  7562  7082  6260  6551  5871  6605  7542 16548  7112
  6544  6191  6089  6439  6412 11616 65535  7548  7073  6255  6549  5870  6611  7548 16554  7114
  6546  6193  6088  6451  6410 11617 65535  7566  7079  6255  6550  5876  6609  7550 16629  7114
  6550  6193  6090  6442  6424 11593 65535  7575  7082  6255  6546  5873  6624  7544 16611  7122
  6546  6192  6089  6441  6394 11605 65535  7533  7079  6259  6557  5878  6629  7556 16629  7113
  6549  6194  6092  6414  6393 11624 65535  7510  7082  6257  6550  5872  6608  7559 16571  7121
  6552  6193  6091  6422  6411 11648 65535  7504  7083  6256  6546  5855  6611  7557 16973  7125
  6556  6202  6095  6417  6402 11216 65535  7256  7096  6262  6555  5885  6631  7713 19241  7177
  6564  6206  6102  6466  6390 11077 65535  7281  7094  6265  6556  5876  6635  7737 19722  7189
  6567  6210  6109  6433  6428 11029 65535  7701  7120  6282  6567  5891  6646  7825 23370  7273
  6593  6227  6126  6477  6430 10906 65535  7808  7144  6303  6588  5906  6680  8153 32665  7389
  6617  6248  6137  6454  6425 10819 65535  7607  7140  6306  6591  5902  6679  8159 32381  7395
  6621  6237  6137  6492  6442 10778 65535  7596  7146  6303  6587  5882  6683  8144 32267  7402
  6616  6243  6139  6469  6431 10800 65535  7581  7151  6309  6587  5906  6681  8148 32466  7401
  6620  6240  6132  6473  6428 10815 65535  7664  7146  6301  6582  5910  6719  8137 32609  7400
  6616  6241  6137  6499  6422 10839 65535  7689  7141  6303  6586  5918  6683  8143 31904  7392
  6620  6247  6136  6501  6418 10835 65535  7642  7140  6305  6589  5918  6683  8137 32066  7391
  6617  6240  6136  6484  6434 10829 65535  7640  7148  6306  6593  5914  6677  8129 31837  7391
  6620  6245  6135  6456  6404 10823 65535  7584  7144  6305  6595  5915  6700  8144 32248  7395
  6617  6244  6135  6463  6410 10817 65535  7631  7150  6304  6590  5907  6687  8136 32214  7397
  6612  6243  6139  6487  6433 10819 65535  7574  7142  6303  6585  5906  6683  8146 32111  7389
  6615  6245  6133  6503  6413 10798 65535  7560  7138  6305  6590  5911  6677  8140 32092  7387
  6619  6244  6138  6497  6407 10838 65535  7574  7145  6307  6583  5916  6694  8130 31969  7391
  6616  6242  6138  6479  6424 10817 65535  7596  7142  6305  6588  5906  6678  8126 32045  7393
  6619  6242  6138  6450  6425 10806 65535  7594  7144  6305  6590  5935  6689  8132 31940  7393
  6615  6243  6134  6458  6405 10809 65535  7610  7146  6301  6590  5905  6682  8135 32100  7395
  6617  6244  6137  6502  6404 10829 65535  7613  7144  6306  6590  5915  6688  8188 36710  7495
  6638  6253  6148  6493  6445 10625 65535  7791  7169  6322  6598  5929  6695  8269 41437  7562
  6637  6255  6154  6495  6446 10608 65535  7799  7164  6322  6610  5928  6703  8281 44469  7620
  6647  6269  6161  6488  6409 10606 65535  7863  7186  6351  6626  5949  6724  8576 65535  7956
  6678  6284  6193  6551  6449 10639 65535  7913  7232  6375  6655  5971  6734  8745 65535  8644
  6705  6306  6210  6549  6483 10640 65535  7951  7235  6380  6658  5971  6744  8751 65535  8669
  6707  6313  6213  6524  6454 10636 65535  7943  7233  6385  6659  5962  6750  8754 65535  8668
  6710  6302  6203  6571  6446 10642 65535  7952  7237  6382  6651  5971  6737  8739 65535  8673
  6708  6309  6212  6520  6488 10645 65535  7952  7239  6384  6651  5959  6733  8742 65535  8672
  6711  6311  6213  6571  6476 10645 65535  7954  7234  6381  6659  5961  6739  8755 65535  8670
  6704  6305  6214  6545  6483 10637 65535  7951  7239  6378  6650  5963  6736  8747 65535  8671
  6708  6310  6217  6542  6493 10633 65535  7943  7240  6382  6653  5961  6736  8760 65535  8673
  6709  6307  6216  6555  6492 10635 65535  7948  7240  6375  6650  5988  6739  8759 65535  8669
  6707  6307  6214  6526  6450 10646 65535  7948  7234  6379  6655  5953  6757  8762 65535  8672
  6708  6310  6212  6525  6468 10634 65535  7957  7237  6379  6658  5982  6738  8759 65535  8673
  6708  6316  6208  6527  6455 10637 65535  7950  7239  6382  6659  5974  6737  8749 65535  8674
  6711  6310  6213  6545  6468 10633 65535  7954  7236  6384  6655  5966  6752  8745 65535  8671
  6707  6306  6208  6547  6471 10634 65535  7955  7237  6382  6652  5981  6746  8764 65535  8675
  6711  6310  6211  6546  6454 10642 65535  7951  7236  6382  6652  5988  6736  8754 65535  8667
  6714  6305  6213  6537  6474 10638 65535  7948  7234  6377  6659  5967  6755  8752 65535  8670
  6709  6308  6211  6560  6470 10644 65535  7950  7234  6385  6656  5958  6748  8746 65535  8676
  6710  6308  6216  6520  6446 10625 65535  7958  7237  6383  6653  5967  6742  8752 65535  8677
  6707  6310  6208  6534  6485 10641 65535  7951  7239  6385  6656  5960  6735  8752 65535  8670
  6708  6307  6208  6551  6454 10630 65535  7956  7235  6377  6651  5960  6771  8759 65535  8672
  6705  6309  6210  6522  6453 10639 65535  7952  7236  6378  6651  5955  6754  8759 65535  8675
  6710  6312  6211  6565  6459 10642 65535  7951  7235  6376  6659  5969  6745  8750 65535  8672
  6704  6309  6214  6520  6469 10640 65535  7947  7237  6379  6649  5960  6755  8748 65535  8667
  6707  6310  6213  6526  6458 10643 65535  7947  7240  6380  6654  5958  6742  8763 65535  8673
  6709  6312  6209  6530  6467 10644 65535  7952  7232  6379  6656  5962  6739  8760 65535  8673
  6706  6312  6213  6519  6464 10640 65535  7951  7237  6390  6652  5970  6739  8767 65535  8649
  6708  6308  6209  6561  6452 10643 65535  7954  7238  6384  6653  5980  6749  8751 65535  8670
  6711  6306  6213  6575  6493 10647 65535  7951  7234  6385  6655  5961  6739  8765 65535  8668
  6708  6306  6211  6545  6455 10639 65535  7949  7237  6375  6655  5987  6742  8760 65535  8671
  6707  6312  6211  6546  6501 10635 65535  7917  7234  6376  6649  5970  6757  8750 65535  8670
  6708  6310  6214  6527  6451 10639 65535  7949  7235  6374  6650  5958  6749  8760 65535  8675
  6708  6313  6212  6522  6453 10643 65535  7948  7235  6378  6653  5966  6752  8748 65535  8641
  6707  6312  6216  6518  6484 10648 65535  7951  7243  6377  6659  5968  6742  8758 65535  8672
  6706  6310  6216  6519  6476 10642 65535  7950  7238  6381  6658  5962  6746  8764 65535  8673
  6704  6310  6210  6535  6478 10635 65535  7958  7234  6382  6651  5956  6751  8764 65535  8671
  6709  6312  6215  6499  6454 10640 65535  7946  7232  6380  6654  5969  6733  8753 65535  8674
  6709  6308  6211  6526  6489 10640 65535  7947  7242  6379  6655  5982  6737  8755 65535  8672
  6707  6311  6216  6566  6482 10647 65535  7947  7232  6382  6655  5960  6740  8749 65535  8674
  6708  6309  6216  6555  6465 10637 65535  7952  7234  6374  6653  5962  6739  8755 65535  8671
  6704  6312  6211  6518  6489 10629 65535  7949  7239  6381  6655  5967  6740  8748 65535  8675
  6709  6307  6213  6552  6452 10637 65535  7943  7238  6376  6658  5968  6728  8754 65535  8671
  6704  6309  6217  6543  6462 10643 65535  7950  7233  6384  6652  5971  6740  8761 65535  8675
  6707  6311  6212  6545  6450 10652 65535  7950  7238  6380  6651  5962  6737  8736 65535  8672
  6707  6311  6215  6537  6474 10644 65535  7953  7233  6383  6654  5970  6742  8757 65535  8664
  6707  6312  6213  6523  6455 10639 65535  7946  7237  6380  6653  5968  6733  8761 65535  8672
  6708  6309  6210  6545  6474 10636 65535  7956  7233  6382  6651  5980  6738  8743 65535  8669
  6706  6309  6211  6532  6449 10643 65535  7953  7241  6382  6651  5963  6741  8750 65535  8671
  6705  6308  6212  6541  6468 10632 65535  7951  7241  6378  6655  5968  6758  8754 65535  8672
  6706  6308  6206  6522  6446 10624 65535  7944  7233  6381  6649  5962  6740  8758 65535  8673
  6707  6309  6213  6460  6462 10630 65535  7955  7235  6389  6652  5965  6741  8761 65535  8674
  6708  6309  6215  6527  6486 10619 65535  7958  7240  6384  6654  5977  6742  8754 65535  8675
  6712  6311  6216  6527  6480 10642 65535  7953  7234  6379  6664  5965  6752  8760 65535  8674
  6711  6310  6212  6537  6453 10634 65535  7952  7237  6384  6659  5958  6751  8756 65535  8673
  6705  6310  6208  6550  6472 10638 65535  7955  7244  6385  6657  5967  6739  8749 65535  8677
  6707  6306  6209  6521  6482 10635 65535  7960  7236  6380  6648  5967  6756  8753 65535  8674
  6709  6312  6217  6545  6453 10641 65535  7950  7235  6387  6649  5969  6755  8756 65535  8672
  6714  6311  6218  6492  6491 10628 65535  7945  7236  6379  6655  5965  6737  8756 65535  8673
  6706  6312  6216  6523  6476 10630 65535  7956  7235  6380  6652  5965  6741  8740 65535  8673
  6708  6312  6211  6527  6450 10638 65535  7949  7235  6382  6658  5957  6736  8754 65535  8679
  6712  6308  6217  6532  6462 10640 65535  7951  7238  6383  6653  5962  6745  8750 65535  8668
  6708  6317  6205  6535  6480 10635 65535  7948  7236  6381  6655  5965  6754  8762 65535  8672
  6708  6307  6213  6541  6448 10625 65535  7944  7237  6385  6660  5962  6751  8750 65535  8676
  6711  6312  6209  6522  6448 10641 65535  7955  7231  6382  6650  5969  6749  8761 65535  8673
  6710  6307  6211  6532  6453 10645 65535  7954  7237  6379  6648  5965  6745  8761 65535  8673
  6702  6313  6212  6512  6477 10641 65535  7947  7240  6381  6656  5962  6742  8759 65535  8673
  6708  6308  6208  6550  6460 10628 65535  7960  7233  6380  6649  5971  6754  8759 65535  8651
  6708  6309  6219  6519  6452 10630 65535  7951  7236  6377  6654  5958  6740  8744 65535  8675
  6704  6305  6210  6537  6454 10647 65535  7955  7243  6387  6652  5957  6741  8750 65535  8668
  6706  6314  6217  6518  6474 10641 65535  7945  7240  6387  6659  5974  6736  8763 65535  8673
  6712  6309  6213  6533  6447 10637 65535  7956  7240  6380  6657  5963  6735  8761 65535  8671
  6707  6311  6214  6531  6472 10624 65535  7955  7237  6381  6648  5983  6745  8745 65535  8674
  6707  6308  6213  6518  6486 10634 65535  7948  7234  6383  6653  5961  6739  8756 65535  8673
  6707  6311  6211  6575  6455 10645 65535  7938  7236  6377  6651  5963  6755  8748 65535  8669
  6707  6313  6211  6524  6451 10637 65535  7950  7240  6388  6657  5968  6744  8763 65535  8672
  6709  6311  6209  6519  6477 10641 65535  7945  7241  6381  6658  5960  6740  8760 65535  8669
  6708  6312  6206  6523  6458 10645 65535  7949  7237  6388  6655  5979  6737  8752 65535  8671
  6707  6307  6216  6564  6450 10643 65535  7952  7237  6377  6654  5962  6745  8758 65535  8666
  6705  6306  6212  6547  6450 10644 65535  7952  7235  6382  6657  5962  6740  8742 65535  8675
  6707  6310  6209  6557  6496 10646 65535  7951  7237  6382  6654  5960  6735  8756 65535  8677
  6703  6310  6214  6539  6456 10644 65535  7953  7237  6380  6656  5962  6737  8752 65535  8669
  6709  6311  6213  6536  6470 10643 65535  7957  7236  6381  6652  5970  6742  8762 65535  8668
  6708  6307  6211  6556  6452 10634 65535  7952  7241  6384  6655  5957  6741  8753 65535  8674
  6706  6309  6216  6540  6488 10641 65535  7953  7237  6376  6655  5963  6748  8751 65535  8670
  6709  6314  6211  6572  6446 10645 65535  7949  7234  6381  6657  5967  6733  8765 65535  8668
  6706  6308  6218  6481  6448 10640 65535  7957  7238  6378  6654  5963  6753  8757 65535  8677
  6710  6312  6213  6525  6510 10636 65535  7961  7236  6374  6651  5966  6740  8758 65535  8676
  6708  6313  6211  6527  6447 10643 65535  7951  7236  6380  6660  5961  6753  8767 65535  8673
  6707  6309  6215  6524  6476 10642 65535  7950  7236  6390  6656  5961  6739  8764 65535  8665
  6712  6309  6206  6544  6484 10649 65535  7951  7240  6374  6654  5966  6739  8763 65535  8669
  6703  6310  6215  6536  6478 10646 65535  7951  7240  6386  6646  5964  6738  8753 65535  8673
  6710  6309  6214  6544  6483 10642 65535  7947  7234  6385  6653  5963  6738  8737 65535  8674
  6706  6312  6216  6539  6475 10664 65535  7956  7235  6386  6650  5967  6743  8761 65535  8678
  6707  6310  6213  6545  6483 10657 65535  7949  7234  6380  6650  5967  6750  8764 65535  8671
  6708  6306  6209  6521  6460 10657 65535  7957  7241  6382  6648  5953  6738  8771 65535  8677
  6712  6308  6211  6547  6470 10654 65535  7961  7237  6377  6656  5965  6736  8762 65535  8676
  6707  6307  6215  6518  6455 10637 65535  7948  7242  6377  6648  5966  6737  8761 65535  8673
  6706  6310  6217  6519  6445 10652 65535  7946  7238  6381  6654  5961  6773  8757 65535  8673
  6705  6312  6211  6556  6453 10629 65535  7956  7239  6380  6649  5963  6752  8767 65535  8675
  6707  6304  6210  6567  6460 10652 65535  7951  7238  6386  6652  5967  6748  8759 65535  8673
  6705  6307  6214  6539  6473 10649 65535  7954  7238  6382  6657  5982  6747  8769 65535  8672
  6706  6307  6215  6526  6479 10646 65535  7959  7237  6377  6660  5964  6744  8764 65535  8674
  6711  6307  6211  6560  6452 10643 65535  7953  7239  6380  6662  5972  6751  8761 65535  8672
  6709  6313  6214  6529  6460 10652 65535  7957  7238  6382  6651  5983  6747  8755 65535  8670
  6710  6312  6216  6553  6477 10651 65535  7956  7243  6381  6652  5961  6738  8771 65535  8674
  6710  6314  6212  6536  6461 10658 65535  7958  7239  6379  6653  5962  6743  8760 65535  8674
  6706  6308  6211  6551  6448 10662 65535  7947  7234  6378  6651  5936  6741  8760 65535  8677
  6708  6312  6219  6560  6492 10646 65535  7959  7231  6378  6655  5955  6752  8763 65535  8671
  6703  6308  6213  6568  6477 10648 65535  7948  7234  6374  6650  5957  6743  8758 65535  8673
  6704  6310  6207  6563  6448 10646 65535  7950  7236  6385  6651  5970  6740  8764 65535  8674
  6705  6312  6206  6514  6467 10633 65535  7959  7240  6383  6651  5988  6748  8758 65535  8671
  6703  6306  6220  6568  6474 10638 65535  7946  7234  6387  6655  5958  6741  8755 65535  8671
  6712  6310  6212  6526  6445 10660 65535  7953  7239  6379  6654  5972  6746  8759 65535  8671
  6708  6313  6215  6536  6471 10650 65535  7945  7238  6380  6654  5971  6740  8748 65535  8670
  6706  6314  6217  6512  6460 10643 65535  7959  7236  6381  6647  5967  6743  8758 65535  8674
  6703  6304  6212  6517  6447 10644 65535  7954  7238  6382  6656  5965  6747  8764 65535  8668
  6712  6306  6209  6518  6482 10653 65535  7951  7237  6382  6654  5961  6739  8761 65535  8669
  6708  6306  6208  6521  6474 10643 65535  7948  7235  6381  6659  5966  6750  8761 65535  8667
  6706  6313  6214  6526  6476 10646 65535  7951  7236  6382  6650  5960  6736  8762 65535  8677
  6707  6308  6212  6557  6470 10645 65535  7952  7240  6382  6653  5958  6738  8763 65535  8675
  6714  6311  6214  6537  6463 10634 65535  7954  7237  6383  6653  5964  6745  8766 65535  8674
  6708  6312  6214  6512  6449 10644 65535  7954  7235  6382  6658  5968  6738  8761 65535  8669
  6705  6306  6212  6530  6449 10654 65535  7945  7233  6379  6659  5959  6739  8769 65535  8668
  6707  6310  6212  6520  6471 10649 65535  7960  7232  6383  6658  5971  6751  8758 65535  8676
  6706  6311  6210  6544  6447 10640 65535  7949  7241  6377  6652  5978  6737  8756 65535  8674
  6709  6306  6213  6545  6455 10642 65535  7956  7236  6385  6656  5962  6735  8758 65535  8668
  6709  6304  6217  6548  6457 10647 65535  7955  7238  6376  6652  5964  6752  8745 65535  8671
  6710  6307  6215  6555  6444 10643 65535  7953  7236  6380  6654  5974  6741  8750 65535  8675
  6707  6312  6213  6529  6481 10628 65535  7956  7233  6375  6658  5960  6741  8754 65535  8676
  6711  6312  6211  6535  6484 10637 65535  7950  7238  6379  6650  5962  6739  8756 65535  8669
  6708  6307  6214  6519  6455 10649 65535  7961  7236  6383  6656  5960  6738  8757 65535  8675
  6709  6309  6206  6517  6493 10646 65535  7950  7237  6381  6654  5960  6739  8756 65535  8678
  6712  6315  6213  6525  6486 10642 65535  7961  7239  6386  6652  5963  6739  8762 65535  8668
  6709  6310  6216  6527  6464 10647 65535  7956  7236  6382  6650  5981  6753  8764 65535  8673
  6711  6313  6206  6569  6450 10652 65535  7953  7234  6376  6659  5970  6743  8761 65535  8674
  6706  6308  6217  6526  6485 10641 65535  7952  7242  6374  6656  5973  6747  8749 65535  8671
  6704  6312  6209  6524  6483 10636 65535  7942  7237  6382  6659  5965  6746  8753 65535  8670
  6705  6312  6210  6519  6464 10643 65535  7952  7236  6381  6655  5976  6747  8761 65535  8643
  6706  6308  6211  6539  6446 10645 65535  7950  7236  6382  6651  5975  6740  8757 65535  8671
  6704  6303  6211  6534  6464 10641 65535  7951  7237  6382  6657  5963  6746  8763 65535  8674
  6705  6310  6211  6539  6477 10661 65535  7945  7234  6378  6654  5966  6736  8755 65535  8671
  6706  6307  6208  6568  6442 10637 65535  7956  7239  6384  6661  5984  6740  8755 65535  8674
  6704  6307  6214  6525  6486 10624 65535  7953  7232  6386  6659  5968  6739  8747 65535  8673
  6710  6308  6208  6526  6453 10651 65535  7952  7234  6383  6654  5967  6758  8751 65535  8673
  6712  6305  6217  6525  6485 10635 65535  7953  7241  6377  6653  5986  6754  8759 65535  8670
  6703  6316  6209  6535  6448 10642 65535  7956  7243  6378  6650  5965  6742  8763 65535  8669
  6705  6311  6213  6549  6493 10621 65535  7943  7235  6390  6660  5972  6743  8762 65535  8672
  6709  6309  6209  6526  6449 10629 65535  7948  7237  6384  6661  5962  6753  8765 65535  8672
  6712  6307  6213  6518  6471 10631 65535  7959  7241  6381  6656  5967  6737  8750 65535  8671
  6701  6310  6216  6528  6456 10642 65535  7951  7240  6387  6655  5961  6740  8756 65535  8664
