-3.0595246814374577 10538 9902 10220 10327 12775 11318 13277 8767 11499 15138 14133 15241 14621 14685 19486 8142
-2.992796517164442 10619 10014 10356 10468 12950 11494 13627 8771 11118 14527 13530 14685 14093 14136 18316 8127
-2.844000380739557 10819 10295 10650 10779 13291 11762 14139 8761 10702 13916 12894 14076 13584 13736 17633 8151
-2.6718110372994195 10953 10540 10908 11023 13480 11886 14363 8741 10495 13521 12569 13772 13357 13609 17753 8197
-2.493102275510769 10911 10468 10819 10875 13328 11737 13844 8698 10514 13596 12672 13967 13598 13957 19436 8242
-2.311325552146347 11085 10706 11070 11128 13532 11863 14034 8670 10231 13104 12211 13529 13244 13672 18865 8290
-2.132233295160725 11283 11032 11390 11422 13766 12016 14190 8636 10001 12666 11796 13122 12876 13400 18330 8326
-1.951990552584189 11573 11460 11876 11901 14263 12396 14748 8613 9655 12093 11237 12575 12376 12954 17049 8339
-1.7732817907955383 12424 12586 13113 13178 15636 13645 17067 8650 9113 11126 10242 11455 11301 11795 13973 8323
-1.5930390482190022 12680 12800 13313 13319 15682 13581 16691 8609 9033 10989 10106 11350 11191 11746 13875 8361
-1.4135632960364088 12855 13271 13760 13743 16036 13823 16864 8604 8893 10739 9862 11089 10954 11531 13467 8373
-1.2344710390507867 13126 13826 14319 14263 16566 14221 17525 8595 8770 10520 9657 10890 10783 11372 13200 8391
-1.0546117916712219 13387 14242 14755 14665 16932 14505 17975 8593 8656 10354 9460 10655 10568 11157 12698 8388
-0.8743690490946858 13572 14533 15001 14913 17105 14616 17923 8582 8641 10301 9419 10626 10565 11160 12698 8423
-0.6952767921090638 13385 14309 14768 14640 16865 14378 17438 8569 8688 10381 9520 10744 10679 11343 13137 8428
-0.5161845351234418 13793 14895 15385 15243 17483 14933 18404 8585 8567 10177 9298 10494 10407 10974 12396 8404
-0.3351748021529629 13755 14797 15351 15233 17469 14924 18487 8589 8589 10231 9333 10536 10476 11021 12478 8403
-0.1572330307582549 13545 14431 14981 14872 17122 14613 18054 8604 8653 10367 9476 10696 10607 11193 12705 8375
0.0222427214243385 13117 13758 14221 14151 16453 14092 17286 8597 8813 10629 9770 10986 10921 11527 13476 8376
0.20133497840996056 12854 13222 13735 13729 16032 13806 16956 8608 8946 10887 10002 11249 11132 11720 13779 8350
0.38081073059255394 12625 12781 13286 13291 15645 13580 16744 8622 9090 11125 10249 11477 11338 11866 14012 8318
0.5602864827751474 12672 12919 13460 13576 16021 13980 17957 8686 9017 11052 10153 11348 11159 11595 13258 8259
0.7386117493668267 12292 12416 12959 13098 15541 13613 17523 8702 9229 11380 10498 11712 11497 11902 13842 8226
0.9184709967463914 11892 11864 12354 12498 14990 13215 16912 8733 9466 11807 10898 12083 11780 12188 14338 8209
1.0987137393229276 11724 11615 12124 12307 14840 13159 17016 8765 9601 12083 11177 12347 12013 12337 14469 8163
1.2778059963085497 11436 11220 11683 11875 14398 12789 16347 8775 9864 12537 11602 12748 12368 12627 14964 8127
1.4572817484911431 11187 10843 11268 11445 13985 12507 15660 8790 10191 13112 12160 13298 12843 13057 15713 8118
1.6375244910676792 10978 10519 10917 11031 13608 12183 15038 8812 10506 13591 12605 13714 13163 13303 16080 8122
1.817383738447244 10828 10289 10675 10820 13358 11960 14661 8835 10809 14035 12955 14023 13417 13503 16249 8102
1.9968594906298374 10702 10104 10465 10635 13159 11782 14258 8840 11063 14524 13450 14488 13803 13799 16816 8102
2.1771022332063734 10587 9923 10256 10404 12929 11581 13885 8857 11318 15032 13926 14919 14178 14127 17292 8093
2.355427499798053 10499 9812 10117 10234 12740 11416 13512 8842 11607 15587 14492 15490 14696 14607 18430 8091
2.5352867471776177 10524 9821 10140 10274 12799 11447 13598 8854 11623 15516 14443 15389 14613 14529 18096 8061
2.7155294897541538 10605 9934 10280 10436 12944 11609 13986 8850 11431 15122 13989 15026 14298 14201 17465 8104
2.8942382515428045 10500 9785 10070 10189 12672 11254 13222 8823 11858 15703 14658 15694 14962 14902 19384 8108
3.043801378361632 10439 9752 10048 10163 12619 11265 13190 8809 11755 15532 14466 15552 14895 14852 19609 8128