  6520  6359  6351  6772  6311  6961  6684  7199  7199  6377  6926  6137  6528  6161  7726  8429
  6518  6363  6346  6781  6314  6957  6683  7199  7202  6375  6929  6129  6521  6156  7723  8426
  6516  6362  6350  6768  6313  6967  6674  7190  7201  6381  6930  6133  6515  6146  7712  8427
  6516  6362  6350  6771  6305  6977  6673  7192  7197  6378  6935  6120  6518  6156  7720  8439
  6521  6365  6352  6764  6302  6966  6672  7194  7201  6375  6930  6124  6520  6150  7720  8427
  6519  6364  6344  6759  6307  6963  6687  7199  7203  6379  6937  6134  6527  6152  7719  8431
  6517  6358  6352  6755  6303  6968  6671  7198  7202  6380  6942  6156  6523  6155  7722  8428
  6523  6364  6346  6759  6305  6962  6670  7189  7197  6378  6937  6133  6531  6159  7729  8429
  6518  6362  6347  6762  6286  6957  6675  7200  7202  6381  6936  6141  6527  6160  7730  8423
  6516  6360  6349  6766  6309  6972  6668  7194  7201  6382  6930  6143  6525  6146  7720  8427
  6518  6359  6350  6773  6301  6980  6677  7199  7202  6384  6948  6155  6556  6167  7724  8425
  6523  6370  6361  6778  6334  6982  6683  7194  7203  6386  6950  6162  6550  6162  7738  8433
  6522  6363  6356  6783  6330  6972  6686  7198  7208  6386  6961  6173  6583  6194  7740  8436
  6522  6375  6374  6815  6367  7022  6683  7198  7212  6394  6983  6222  6635  6197  7746  8433
  6525  6376  6400  6856  6424  7031  6711  7191  7209  6400  6995  6237  6667  6223  7751  8430
  6526  6381  6404  6865  6425  7045  6711  7204  7213  6397  6996  6236  6663  6219  7749  8430
  6527  6386  6414  6889  6424  7048  6721  7196  7216  6403  7017  6280  6719  6251  7759  8432
  6530  6385  6438  6946  6529  7095  6722  7193  7216  6410  7050  6329  6784  6287  7773  8429
  6529  6400  6458  6986  6558  7122  6731  7194  7214  6420  7054  6329  6785  6283  7777  8441
  6535  6402  6458  6987  6579  7123  6732  7190  7220  6415  7066  6366  6825  6309  7766  8441
  6534  6402  6488  7045  6646  7167  6726  7197  7225  6426  7105  6459  6920  6342  7788  8436
  6539  6411  6518  7132  6738  7211  6751  7200  7227  6427  7128  6487  6977  6355  7798  8438
  6539  6406  6523  7141  6742  7192  6762  7197  7224  6429  7145  6496  6993  6355  7798  8440
  6545  6420  6546  7203  6822  7241  6761  7201  7228  6437  7165  6592  7098  6406  7806  8419
  6546  6428  6588  7320  6959  7283  6778  7175  7234  6440  7206  6669  7217  6432  7812  8440
  6554  6438  6605  7369  6996  7305  6774  7200  7231  6445  7206  6687  7226  6442  7816  8421
  6553  6436  6605  7387  7026  7324  6777  7195  7237  6445  7238  6773  7317  6477  7819  8443
  6557  6441  6642  7510  7150  7385  6788  7201  7243  6457  7270  6895  7490  6524  7834  8440
  6558  6449  6695  7696  7357  7422  6811  7203  7250  6462  7308  6990  7591  6542  7850  8444
  6555  6459  6695  7688  7339  7416  6801  7201  7243  6462  7317  7031  7650  6550  7849  8445
  6566  6460  6723  7803  7452  7488  6823  7191  7254  6470  7372  7238  7880  6621  7859  8444
  6567  6470  6772  8065  7757  7575  6841  7196  7262  6484  7438  7473  8160  6668  7879  8442
  6575  6477  6813  8223  7885  7597  6829  7199  7262  6483  7438  7490  8164  6676  7875  8443
  6580  6476  6820  8273  7959  7617  6840  7171  7269  6488  7477  7677  8402  6709  7889  8441
  6586  6480  6866  8591  8263  7688  6842  7202  7269  6501  7560  8118  8922  6817  7895  8445
  6599  6494  6939  9100  8703  7795  6857  7198  7275  6503  7594  8309  9107  6836  7908  8444
  6602  6498  6941  9105  8710  7794  6857  7203  7273  6504  7601  8318  9110  6826  7909  8439
  6601  6498  6959  9200  8814  7810  6873  7194  7276  6507  7658  8701  9569  6907  7916  8444
  6613  6511  7022  9821  9363  7926  6885  7208  7286  6522  7744  9424 10430  7000  7927  8449
  6627  6518  7096 10600  9921  8015  6900  7201  7302  6523  7773  9681 10644  7019  7942  8453
  6629  6523  7091 10615  9984  8036  6901  7197  7302  6532  7812 10057 11134  7079  7949  8445
  6643  6529  7160 11569 10825  8160  6907  7193  7319  6536  7890 11043 12432  7172  7966  8446
  6657  6546  7255 13259 12058  8282  6936  7201  7328  6541  7989 12398 13870  7263  7962  8452
  6671  6545  7287 13971 12466  8331  6932  7198  7337  6546  7982 12276 13781  7263  7964  8455
  6672  6550  7313 14577 13023  8407  6941  7204  7351  6556  8063 14068 16065  7379  7988  8449
  6687  6562  7399 17529 15398  8601  6948  7200  7374  6574  8114 15050 17076  7430  8007  8451
  6705  6571  7492 21355 17716  8704  6949  7200  7372  6581  8131 15266 17197  7435  7990  8459
  6707  6573  7494 22084 18194  8734  6955  7207  7383  6579  8171 16320 18436  7485  8006  8450
  6719  6583  7509 23032 18856  8754  6946  7196  7382  6587  8181 16632 18858  7485  8010  8446
  6722  6586  7510 23239 18836  8758  6945  7202  7391  6588  8192 16785 18950  7502  8008  8442
  6724  6584  7526 23568 19054  8757  6952  7198  7389  6586  8194 16972 19267  7519  8007  8446
  6723  6577  7513 23524 19112  8765  6938  7196  7385  6587  8197 17030 19292  7494  8012  8441
  6724  6586  7527 23744 19095  8768  6955  7200  7389  6588  8196 16978 19198  7499  8003  8448
  6725  6587  7516 23587 19119  8766  6957  7199  7384  6585  8190 17009 19287  7509  8005  8447
  6722  6580  7522 23641 19097  8770  6944  7192  7386  6586  8191 17007 19225  7508  8015  8448
  6728  6586  7522 23605 19089  8761  6962  7176  7390  6585  8189 17004 19238  7511  8000  8449
  6728  6583  7517 23606 19109  8778  6952  7191  7387  6587  8197 16972 19234  7513  8006  8446
  6727  6587  7521 23649 19104  8772  6957  7192  7390  6585  8197 17025 19271  7508  8010  8452
  6721  6590  7522 23734 19113  8766  6964  7198  7385  6587  8195 16976 19249  7510  8004  8453
