-3.0595246779418948 4223 3732 3555 3628 4086 3699 3691 4361 3516 3736 3302 3593 3361 3095 3265 4161
-2.9927965137451173 4223 3726 3542 3621 4066 3694 3686 4303 3499 3718 3289 3577 3341 3084 3259 4167
-2.845150863079834 4190 3687 3504 3580 4018 3633 3640 4206 3487 3700 3264 3566 3327 3067 3244 4155
-2.6721945294433596 4156 3659 3468 3547 3982 3594 3604 4186 3479 3682 3246 3530 3302 3041 3234 4160
-2.4931022726623535 4151 3639 3459 3526 3960 3582 3593 4204 3476 3683 3242 3535 3298 3042 3226 4187
-2.3113255495056153 4154 3652 3476 3546 3978 3617 3605 4262 3496 3700 3246 3557 3320 3051 3241 4208
-2.1318497975280764 4188 3683 3516 3588 4013 3649 3641 4274 3507 3731 3287 3581 3355 3099 3266 4260
-1.9535245311401368 4228 3729 3566 3644 4074 3693 3683 4254 3533 3764 3330 3619 3398 3136 3311 4312
-1.7725147983764649 4255 3770 3601 3669 4108 3698 3708 4264 3535 3764 3325 3624 3393 3140 3301 4451
-1.5938060367919924 4255 3769 3588 3665 4101 3685 3704 4216 3531 3760 3320 3620 3388 3138 3312 4582
-1.4127963040283205 4224 3726 3554 3611 4046 3671 3659 4145 3506 3732 3315 3588 3368 3110 3293 4468
-1.2340875424438478 4147 3641 3461 3519 3963 3595 3579 4035 3511 3728 3297 3573 3364 3105 3271 4305
-1.053461304876709 4139 3631 3452 3520 3945 3575 3574 4025 3484 3696 3256 3539 3323 3068 3246 4291
-0.8747525432922364 4143 3634 3448 3514 3940 3576 3574 4021 3482 3692 3251 3531 3318 3068 3251 4286
-0.6956602865112305 4152 3641 3462 3529 3947 3596 3607 4015 3498 3726 3279 3574 3351 3103 3269 4309
-0.515417544140625 4172 3672 3495 3550 4002 3629 3613 4018 3516 3758 3308 3625 3364 3146 3319 4364
-0.33517480177001957 4207 3707 3539 3598 4043 3668 3659 4028 3551 3798 3356 3645 3426 3174 3344 4508
-0.1572330305786133 4204 3712 3542 3614 4057 3687 3673 4036 3553 3791 3366 3654 3430 3166 3332 4480
0.02300971179199219 4205 3713 3540 3608 4047 3688 3689 4059 3549 3792 3353 3629 3405 3153 3311 4410
0.20171847337646487 4166 3671 3505 3573 4020 3641 3639 4062 3517 3741 3299 3582 3361 3096 3273 4318
0.38119422535400393 4149 3641 3466 3543 3976 3603 3604 4069 3496 3708 3268 3543 3329 3054 3240 4298
0.5599029869384766 4136 3633 3456 3518 3956 3599 3594 4062 3475 3685 3246 3526 3261 3041 3219 4277
0.7386117485229493 4147 3635 3458 3529 3959 3601 3593 4073 3479 3691 3252 3526 3316 3042 3233 4331
0.919237986090088 4176 3665 3481 3556 3992 3628 3621 4099 3496 3723 3283 3575 3338 3076 3248 4331
1.0994807284606933 4187 3692 3523 3597 4043 3671 3656 4144 3519 3751 3320 3592 3370 3107 3304 4294
1.2793399756347656 4223 3752 3563 3644 4099 3709 3706 4195 3542 3778 3336 3637 3395 3127 3288 4280
1.4584322324157717 4217 3729 3561 3629 4083 3703 3703 4329 3558 3804 3348 3654 3409 3142 3295 4314
1.6382914795898438 4209 3716 3544 3607 4084 3704 3690 4323 3545 3784 3339 3641 3388 3114 3287 4224
1.8162332507812502 4173 3679 3501 3584 4030 3655 3669 4303 3512 3740 3284 3556 3337 3066 3248 4159
1.9960924979553225 4157 3651 3476 3561 3989 3639 3635 4204 3481 3692 3248 3519 3295 3035 3231 4112
2.1759517451293946 4150 3643 3460 3535 3970 3609 3609 4181 3473 3677 3239 3510 3282 3028 3206 4103
2.3561944875000003 4158 3653 3481 3549 4001 3632 3631 4184 3474 3683 3228 3532 3289 3035 3232 4099
2.5360537346740726 4177 3679 3507 3585 4035 3664 3668 4216 3492 3708 3265 3550 3338 3059 3239 4091
2.7139955058654786 4212 3719 3555 3627 4084 3713 3708 4286 3524 3752 3312 3587 3366 3098 3267 4105
2.893854753039551 4222 3719 3563 3635 4095 3720 3716 4378 3538 3779 3340 3622 3387 3129 3291 4129
3.0445683652770996 4225 3729 3562 3624 4097 3715 3706 4333 3539 3782 3333 3616 3402 3134 3297 4126
