-3.0595246779418948 4286 3794 3608 3702 4183 3882 4003 4120 3677 3990 3559 3881 3827 4082 4933 4171
-2.9935635041381836 4246 3750 3563 3652 4113 3800 3907 4119 3638 3922 3499 3821 3691 3737 4278 4167
-2.8463013486694337 4196 3696 3512 3588 4068 3753 3837 4110 3561 3815 3387 3690 3533 3486 3819 4174
-2.6706605486572266 4186 3679 3488 3580 4043 3724 3798 4109 3558 3808 3372 3654 3537 3421 3668 4171
-2.4927187774658206 4188 3679 3483 3582 4039 3678 3753 4101 3573 3833 3402 3683 3537 3397 3695 4216
-2.312476035095215 4202 3702 3501 3594 4051 3681 3760 4089 3599 3839 3413 3703 3540 3437 3802 4252
-2.1326167879211426 4201 3694 3511 3595 4070 3746 3872 4095 3581 3840 3405 3713 3601 3732 4715 4478
-1.9512235599609375 4200 3685 3496 3608 4091 3821 4005 4105 3587 3832 3405 3722 3667 3897 5118 4604
-1.770980817590332 4187 3680 3492 3596 4106 3847 4017 4113 3602 3847 3427 3735 3664 3917 5237 4624
-1.5941895319885255 4190 3682 3497 3594 4088 3764 3975 4106 3611 3879 3429 3717 3613 3716 4843 4497
-1.4116458184387208 4194 3690 3497 3583 4083 3725 3862 4054 3615 3886 3443 3725 3552 3461 3900 4315
-1.234471037640381 4192 3689 3495 3588 4071 3667 3769 4078 3607 3879 3433 3725 3537 3389 3686 4255
-1.054995285662842 4176 3677 3483 3574 4045 3677 3780 4062 3593 3855 3407 3689 3540 3425 3635 4243
-0.8751360384887696 4186 3670 3481 3577 4057 3746 3817 4056 3584 3841 3400 3682 3543 3475 3735 4245
-0.6952767913146973 4191 3681 3496 3586 4065 3770 3868 4051 3638 3919 3486 3774 3633 3639 4110 4241
-0.5150340489440919 4260 3776 3589 3684 4172 3866 3998 4057 3752 4059 3645 3940 3923 4331 5264 4260
-0.33632528735961914 4400 3943 3773 3908 4520 4381 4854 4067 3770 4111 3675 3977 3925 4156 4727 4253
-0.1572330305786133 4465 4030 3856 4001 4669 4622 5157 4067 3742 4057 3636 3927 3839 4014 4561 4234
0.02224272139892578 4466 4046 3879 4036 4716 4803 5527 4077 3641 3915 3473 3765 3596 3488 3808 4234
0.20286895896606447 4354 3894 3725 3856 4485 4471 5089 4077 3561 3799 3357 3628 3415 3243 3488 4219
0.3815777205505371 4251 3761 3573 3696 4226 4001 4277 4066 3520 3752 3304 3587 3392 3199 3428 4210
0.5602864821350098 4236 3743 3566 3657 4205 3946 4091 4085 3517 3740 3306 3587 3383 3183 3392 4199
0.7386117485229493 4237 3751 3570 3670 4204 3887 4049 4088 3527 3749 3317 3598 3403 3164 3393 4166
0.919237986090088 4267 3762 3585 3695 4208 3938 4107 4131 3540 3763 3329 3607 3406 3193 3411 4176
1.098330242871094 4249 3760 3579 3711 4263 4105 4758 4251 3527 3765 3319 3602 3428 3284 3597 4204
1.2789564804382325 4254 3756 3585 3709 4314 4253 5142 4356 3524 3752 3316 3621 3461 3329 3686 4218
1.4584322324157717 4259 3771 3600 3722 4326 4259 5177 4371 3520 3752 3314 3601 3453 3319 3684 4225
1.6371409940002442 4284 3804 3618 3713 4292 4197 5062 4334 3520 3748 3314 3608 3417 3248 3519 4174
1.8158497555847168 4312 3816 3627 3719 4227 3939 4161 4179 3521 3747 3309 3607 3409 3177 3416 4144
1.9960924979553225 4284 3796 3613 3678 4224 3923 4055 4137 3511 3741 3300 3575 3397 3178 3381 4138
2.176718735522461 4266 3774 3579 3684 4210 3966 4067 4142 3504 3739 3292 3581 3390 3198 3420 4121
2.355810992303467 4270 3776 3598 3688 4207 4008 4178 4132 3510 3736 3314 3589 3414 3227 3456 4126
2.535286744281006 4351 3886 3703 3803 4366 4166 4571 4129 3550 3804 3370 3662 3465 3305 3561 4117
2.716296477044678 4461 4020 3855 3973 4651 4707 5479 4135 3662 3964 3540 3835 3713 3789 4246 4146
2.8946217434326176 4470 4029 3857 3960 4624 4578 5044 4141 3735 4079 3664 3985 3905 4117 4694 4138
3.0438013748840334 4433 4002 3818 3921 4549 4473 4928 4132 3759 4104 3688 4017 3959 4257 4923 4142
