-3.0591411827453614 2364 2327 2235 2345 2284 2442 2377 4657 2192 2391 2214 2369 2233 2001 2365 4443
-2.9935635041381836 2359 2337 2238 2350 2288 2440 2383 4635 2197 2390 2204 2374 2234 1999 2375 4456
-2.8455343582763675 2363 2334 2236 2344 2282 2441 2386 4596 2195 2387 2208 2367 2233 1998 2344 4473
-2.672961519836426 2363 2332 2235 2359 2290 2449 2383 4489 2194 2390 2205 2367 2225 1996 2365 4433
-2.4923352822692872 2360 2335 2239 2359 2286 2445 2390 4460 2194 2380 2215 2375 2227 1995 2352 4366
-2.312476035095215 2362 2330 2224 2363 2283 2453 2384 4476 2194 2396 2207 2377 2215 2000 2352 4272
-2.1322332927246097 2364 2335 2240 2386 2294 2448 2381 4374 2196 2389 2212 2371 2231 1996 2363 4316
-1.9523740455505372 2364 2335 2234 2349 2291 2456 2384 4338 2196 2391 2207 2357 2228 1994 2362 4291
-1.7728982935729982 2364 2335 2236 2369 2288 2461 2377 4275 2196 2384 2218 2361 2215 1998 2372 4338
-1.5918885608093263 2362 2331 2221 2375 2285 2446 2379 4249 2194 2387 2207 2364 2230 1997 2352 4391
-1.412029313635254 2363 2335 2223 2347 2286 2453 2377 4206 2195 2392 2205 2363 2205 1997 2350 4445
-1.2337040472473146 2363 2331 2240 2358 2281 2458 2384 4185 2195 2388 2210 2373 2230 1999 2355 4471
-1.053461304876709 2363 2338 2237 2363 2288 2457 2385 4162 2198 2390 2218 2378 2224 1997 2346 4554
-0.8755195336853028 2364 2334 2233 2370 2292 2456 2383 4157 2194 2392 2214 2374 2234 1999 2348 4607
-0.6948932961181641 2362 2336 2236 2390 2294 2425 2383 4146 2196 2394 2205 2376 2196 2005 2357 4629
-0.5165680297302246 2364 2331 2235 2347 2289 2451 2381 4176 2195 2391 2204 2366 2234 1997 2349 4660
-0.33594179216308595 2364 2338 2240 2368 2286 2411 2383 4207 2196 2391 2218 2369 2231 1999 2352 4774
-0.1572330305786133 2364 2335 2236 2358 2284 2457 2385 4238 2197 2394 2205 2366 2238 1999 2370 4804
0.02224272139892578 2362 2334 2233 2347 2284 2442 2381 4284 2195 2389 2216 2375 2210 1999 2357 4805
0.20018449259033205 2361 2334 2239 2355 2289 2458 2380 4311 2196 2392 2202 2366 2234 2000 2352 4749
0.38119422535400393 2364 2333 2224 2351 2292 2454 2377 4305 2195 2396 2208 2364 2217 2001 2373 4701
0.560669977331543 2361 2336 2231 2364 2283 2438 2403 4235 2196 2401 2208 2362 2223 2004 2358 4647
0.7401457293090821 2364 2334 2235 2369 2280 2442 2382 4177 2196 2394 2205 2365 2237 2008 2375 4614
0.9196214812866211 2367 2328 2237 2362 2290 2455 2379 4187 2197 2390 2207 2365 2232 2001 2366 4531
1.0990972332641602 2359 2331 2234 2341 2285 2447 2380 4233 2196 2386 2204 2376 2217 1998 2371 4471
1.2785729852416994 2363 2327 2235 2339 2285 2436 2373 4202 2197 2387 2207 2372 2231 2000 2359 4396
1.4576652420227052 2360 2333 2238 2363 2282 2455 2380 4266 2195 2392 2241 2378 2233 2004 2355 4387
1.636757498803711 2363 2332 2230 2378 2279 2455 2380 4327 2196 2391 2208 2387 2229 2002 2371 4326
1.8170002411743165 2357 2329 2236 2370 2281 2450 2378 4342 2195 2393 2206 2372 2233 2003 2357 4310
1.9983934691345215 2360 2329 2234 2342 2285 2444 2385 4355 2194 2392 2205 2373 2240 2004 2374 4275
2.176335240325928 2360 2331 2235 2375 2287 2438 2377 4451 2196 2391 2206 2371 2238 2003 2368 4281
2.355810992303467 2361 2333 2232 2377 2285 2441 2382 4494 2195 2393 2207 2375 2232 1999 2362 4271
2.5364372298706055 2360 2333 2233 2346 2289 2452 2378 4515 2196 2381 2204 2370 2235 2000 2349 4289
2.716296477044678 2361 2331 2238 2344 2287 2455 2382 4581 2195 2391 2209 2373 2228 1995 2365 4321
2.894238248236084 2362 2336 2236 2404 2284 2445 2384 4665 2197 2394 2205 2377 2232 2006 2367 4358
3.0441848700805667 2365 2333 2230 2366 2286 2450 2383 4672 2196 2389 2210 2378 2236 2000 2365 4383
