-3.060291668334961 2578 2661 2555 2736 2672 2806 2717 4612 6154 7779 6965 6321 5376 4783 4141 4297
-2.9943304945312503 2555 2583 2504 2683 2605 2743 2651 4574 6598 8185 7308 6643 5584 4995 4285 4332
-2.8455343582763675 2534 2548 2463 2625 2556 2699 2603 4497 6901 8413 7573 6951 5866 5208 4430 4370
-2.671811034246826 2531 2535 2457 2607 2548 2649 2589 4397 6543 8023 7249 6674 5718 5167 4442 4402
-2.4908013014831543 2538 2538 2457 2631 2539 2658 2591 4353 5708 6939 6426 6093 5272 4837 4291 4374
-2.312476035095215 2531 2553 2468 2627 2542 2650 2593 4292 4789 5780 5451 5294 4717 4326 3960 4419
-2.1318497975280764 2543 2561 2473 2635 2557 2700 2599 4199 3965 4800 4609 4565 4144 3801 3658 4479
-1.9523740455505372 2579 2604 2523 2698 2607 2703 2630 4196 3223 3863 3710 3741 3456 3156 3200 4407
-1.7721313031799317 2601 2646 2561 2734 2645 2727 2675 4112 2939 3466 3326 3419 3161 2882 3005 4443
-1.593039046398926 2645 2714 2624 2761 2694 2757 2681 4101 2753 3189 3063 3185 2954 2706 2880 4487
-1.4127963040283205 2704 2792 2709 2868 2762 2823 2733 4057 2623 3000 2863 3037 2815 2559 2775 4521
-1.2340875424438478 2793 2926 2826 2962 2869 2915 2784 4036 2541 2887 2761 2903 2719 2468 2724 4534
-1.0542282952697755 2929 3120 3005 3129 3020 3037 2880 4020 2478 2806 2682 2820 2646 2398 2658 4625
-0.8751360384887696 3161 3455 3275 3444 3224 3182 3017 4023 2441 2753 2612 2769 2596 2358 2644 4670
-0.6960437817077637 3544 3957 3667 3708 3553 3422 3179 4024 2431 2724 2599 2739 2588 2352 2630 4670
-0.515417544140625 4130 4700 4232 4214 3987 3771 3435 4057 2493 2942 2875 2899 2796 2729 2843 4675
-0.3367087825561524 4957 5717 5039 4920 4572 4186 3756 4087 2728 4939 13553 34496 28139 9689 3783 4762
-0.1572330305786133 6285 7076 6005 5823 5315 4758 4148 4110 2683 4402 9534 19616 15096 6575 3471 4758
0.02185922620239258 7537 8329 6913 6605 5978 5195 4497 4152 2443 2872 2798 3034 2813 2563 2732 4692
0.20171847337646487 8500 8923 7444 7072 6480 5545 4789 4209 2358 2638 2475 2663 2506 2264 2568 4628
0.3804272349609375 8366 8556 7279 6989 6478 5577 4809 4256 2339 2601 2460 2616 2468 2231 2535 4578
0.5599029869384766 6988 7487 6535 6381 5998 5271 4635 4236 2341 2602 2449 2607 2455 2219 2535 4508
0.7389952437194824 5897 6250 5599 5595 5297 4875 4322 4252 2334 2608 2457 2614 2443 2218 2539 4448
0.9203884716796875 4804 5144 4717 4812 4663 4341 3960 4283 2341 2618 2463 2628 2470 2225 2520 4375
1.098713738067627 4008 4285 4044 4154 4061 3933 3606 4332 2350 2641 2491 2639 2479 2241 2543 4302
1.278189490045166 3513 3736 3538 3706 3606 3572 3334 4304 2367 2665 2516 2669 2511 2260 2554 4251
1.4565147564331056 3185 3336 3220 3415 3302 3300 3128 4321 2387 2708 2574 2719 2534 2289 2569 4214
1.6375244891967775 2987 3082 2973 3182 3078 3114 2970 4377 2427 2768 2641 2769 2581 2333 2593 4162
1.8170002411743165 2830 2913 2819 3017 2912 2980 2861 4420 2481 2869 2730 2847 2657 2400 2643 4160
1.9968594883483888 2752 2800 2720 2898 2816 2883 2794 4437 2565 3016 2882 2978 2761 2498 2708 4142
2.1759517451293946 2698 2729 2643 2819 2747 2843 2745 4542 2697 3224 3088 3159 2892 2629 2764 4135
2.3561944875000003 2661 2696 2615 2794 2719 2838 2731 4549 2914 3561 3416 3404 3118 2810 2890 4125
2.5356702394775392 2665 2723 2659 2806 2757 2882 2785 4560 3240 4092 3889 3792 3412 3064 3090 4175
2.7155294866516115 2843 3696 4817 5315 5460 4532 3450 4601 3783 4837 4574 4334 3837 3455 3292 4183
2.893471257843018 3015 5633 16766 43978 37248 11166 4457 4659 4488 5759 5415 4965 4317 3907 3574 4235
3.0438013748840334 2798 3833 6900 12919 11431 5984 3536 4647 5252 6766 6169 5649 4842 4325 3856 4266
