-3.0595246779418948 4853 7306 7097 6771 7112 5934 5440 4174 3459 3723 3425 4033 4177 3887 3702 4133
-2.9931800089416507 4795 7197 7057 6734 7029 5884 5376 4172 3460 3701 3324 3700 3522 3242 3391 4127
-2.845150863079834 4616 6830 6810 6454 6729 5616 5170 4141 3447 3664 3250 3550 3340 3047 3226 4118
-2.6721945294433596 4492 6039 6037 5752 6062 5131 4775 4126 3451 3668 3238 3535 3302 3036 3209 4132
-2.4927187774658206 4386 5171 5232 5091 5426 4658 4413 4102 3446 3671 3247 3537 3299 3031 3222 4134
-2.3120925398986816 4308 4614 4609 4557 4925 4310 4124 4086 3453 3685 3252 3541 3315 3044 3214 4147
-2.1318497975280764 4242 4162 4181 4197 4593 4042 3937 4054 3457 3716 3273 3568 3326 3063 3224 4173
-1.951990550354004 4194 3918 3897 3923 4371 3876 3817 4035 3474 3725 3302 3564 3352 3080 3249 4195
-1.7721313031799317 4163 3782 3721 3774 4214 3757 3722 4021 3493 3772 3343 3638 3409 3118 3273 4215
-1.5922720560058594 4137 3715 3599 3669 4123 3707 3664 4005 3514 3823 3400 3688 3435 3168 3306 4230
-1.4131797992248536 4140 3694 3582 3664 4095 3673 3652 4017 3527 3833 3423 3712 3469 3200 3332 4220
-1.234471037640381 4120 3655 3523 3587 4039 3640 3628 4003 3563 3935 3533 3807 3554 3274 3396 4244
-1.0546117904663086 4116 3636 3482 3574 4002 3626 3616 4006 3615 4069 3685 3900 3684 3402 3503 4247
-0.8747525432922364 4110 3621 3463 3542 3989 3587 3600 4002 3706 4294 3935 4203 3906 3608 3649 4260
-0.6952767913146973 4109 3616 3454 3537 3990 3577 3596 4001 3832 4667 4344 4560 4231 3943 3888 4282
-0.515417544140625 4106 3623 3468 3567 4038 3636 3623 4002 4022 5288 4966 5161 4744 4406 4270 4323
-0.3370922777526856 4119 3658 3599 3911 4553 4005 3888 4016 4196 6081 5715 5844 5330 4953 4655 4315
-0.15646604018554688 4111 3693 3855 5495 9544 8856 5744 4033 4333 7030 6591 6602 5962 5489 5034 4309
0.02300971179199219 4109 3663 3712 4641 7033 6689 5046 4050 4324 7527 7012 6935 6168 5628 5097 4291
0.20210196857299806 4103 3620 3473 3601 4094 3706 3695 4033 4221 7466 6925 6780 5974 5389 4903 4277
0.3796602445678711 4105 3606 3425 3509 3960 3576 3577 4027 4051 6677 6212 6118 5396 4848 4508 4247
0.5610534725280762 4101 3603 3427 3494 3943 3548 3574 4034 3879 5735 5388 5395 4785 4303 4117 4217
0.7397622341125488 4109 3604 3432 3521 3945 3589 3575 4048 3743 4957 4681 4780 4307 3876 3810 4182
0.9184709956970215 4115 3620 3439 3510 3964 3569 3583 4060 3654 4447 4176 4366 3968 3583 3613 4153
1.098713738067627 4125 3631 3465 3542 3985 3599 3597 4078 3585 4146 3837 4067 3737 3387 3466 4130
1.2789564804382325 4132 3659 3493 3545 4008 3613 3618 4089 3538 3962 3621 3891 3579 3269 3391 4122
1.4588157276123048 4153 3705 3537 3605 4055 3619 3653 4097 3506 3841 3471 3771 3492 3188 3324 4104
1.6371409940002442 4172 3747 3591 3666 4115 3673 3687 4108 3485 3775 3390 3616 3421 3133 3276 4089
1.8162332507812502 4203 3818 3677 3743 4204 3772 3753 4120 3472 3736 3334 3617 3377 3093 3246 4095
1.9968594883483888 4255 3927 3800 3872 4329 3886 3850 4137 3462 3702 3290 3581 3345 3064 3237 4081
2.1774857259155276 4323 4113 4005 4065 4539 3995 3986 4155 3453 3693 3279 3558 3327 3059 3217 4095
2.358111963482666 4423 4382 4303 4356 4805 4290 4173 4160 3452 3679 3263 3545 3324 3051 3215 4090
2.534903249084473 4545 4824 4774 4785 5270 4600 4470 4185 3451 3681 3265 3549 3329 3057 3219 4090
2.716296477044678 4704 5490 5468 5412 5899 5099 4855 4200 3456 3715 3342 3701 3484 3199 3318 4104
2.8950052386291505 4830 6348 6286 6163 6605 5632 5280 4216 3467 3770 3648 5158 7135 7073 4612 4114
3.0438013748840334 4870 7069 6977 6709 7176 6054 5554 4202 3467 3780 3681 5556 8377 8421 5142 4116
