-3.059908173138428 5065 4710 4614 4859 5551 5019 5003 4206 4388 4793 4360 4702 4355 3957 3890 4140
-2.993946999334717 5129 4795 4693 4885 5643 5043 4990 4152 4330 4725 4298 4655 4300 3908 3874 4143
-2.845150863079834 4951 4572 4401 4534 5061 4468 4341 4088 4365 4757 4364 4779 4457 4082 3994 4108
-2.67104404385376 4555 4117 3910 3946 4385 3861 3823 4056 4156 4552 4210 4711 4493 4195 4137 4121
-2.4911847966796876 4327 3857 3644 3695 4146 3683 3696 4046 3853 4169 3766 4116 3945 3763 3915 4144
-2.3109420543090824 4262 3775 3583 3643 4111 3636 3658 3998 3774 4077 3641 3908 3697 3490 3671 4162
-2.1318497975280764 4246 3756 3572 3631 4067 3623 3644 4035 3728 4011 3601 3887 3693 3448 3608 4193
-1.951990550354004 4233 3748 3560 3630 4106 3632 3652 4033 3675 3959 3553 3849 3643 3384 3551 4224
-1.7728982935729982 4219 3725 3545 3615 4053 3615 3646 4006 3659 3924 3524 3820 3632 3375 3515 4260
-1.5922720560058594 4211 3720 3541 3606 4038 3609 3634 4011 3649 3916 3512 3818 3605 3330 3492 4296
-1.4147137800109864 4207 3712 3534 3593 4026 3605 3632 4002 3664 3942 3537 3835 3642 3367 3509 4287
-1.234854532836914 4227 3736 3547 3615 4072 3608 3644 3997 3659 3932 3521 3815 3606 3349 3519 4280
-1.0538448000732423 4240 3754 3567 3628 4069 3621 3650 4004 3686 3967 3561 3864 3647 3402 3540 4295
-0.8755195336853028 4261 3782 3598 3651 4126 3642 3659 3996 3728 4020 3621 3910 3722 3494 3628 4256
-0.6952767913146973 4287 3823 3643 3683 4159 3690 3666 3999 3762 4084 3691 3991 3818 3640 3785 4249
-0.5165680297302246 4319 3867 3670 3705 4130 3664 3675 4000 3788 4120 3732 4074 3934 3835 4041 4242
-0.33594179216308595 4369 3956 3738 3758 4204 3691 3702 3999 3826 4184 3817 4230 4179 4183 4434 4241
-0.1572330305786133 4527 4135 3886 3897 4297 3786 3764 3965 4115 4556 4284 4805 4768 4707 4819 4228
0.02224272139892578 4969 4574 4273 4305 4690 4072 3976 4019 4311 4790 4493 4925 4770 4564 4612 4216
0.20095148298339846 5146 4728 4520 4665 5141 4469 4300 4036 4264 4715 4339 4655 4456 4146 4181 4188
0.38081073015747074 5167 4733 4558 4823 5357 4639 4490 4046 3970 4307 3848 4099 3797 3441 3514 4163
0.5602864821350098 4767 4361 4228 4509 5131 4619 4535 4055 3702 3966 3514 3758 3506 3175 3340 4142
0.7389952437194824 4508 4078 3871 3976 4498 4127 4196 4068 3606 3845 3395 3672 3432 3131 3307 4119
0.919237986090088 4424 3993 3810 3882 4379 3986 4052 4079 3577 3807 3367 3645 3410 3102 3283 4115
1.098330242871094 4387 3945 3791 3879 4382 3976 4018 4091 3569 3819 3361 3643 3401 3104 3272 4105
1.2789564804382325 4342 3891 3741 3841 4335 3936 3959 4124 3554 3776 3350 3632 3400 3089 3268 4090
1.4580487372192383 4324 3865 3709 3815 4301 3864 3912 4163 3548 3773 3339 3621 3390 3101 3267 4089
1.6379079843933106 4329 3863 3712 3806 4298 3855 3891 4188 3539 3764 3334 3623 3391 3088 3260 4090
1.8162332507812502 4348 3887 3722 3816 4312 3866 3906 4178 3546 3768 3341 3624 3389 3094 3261 4080
1.9964759931518556 4356 3899 3745 3831 4346 3885 3932 4183 3561 3794 3358 3633 3398 3110 3273 4071
2.176718735522461 4393 3937 3789 3885 4397 3950 3993 4170 3573 3809 3382 3648 3436 3113 3285 4065
2.356577982696533 4446 4018 3862 3959 4512 4101 4102 4158 3599 3849 3418 3680 3426 3135 3283 4072
2.536820725067139 4490 4071 3910 4030 4646 4179 4268 4143 3620 3891 3442 3705 3446 3144 3287 4075
2.715912981848145 4505 4100 3959 4109 4730 4392 4513 4145 3656 3954 3499 3735 3482 3178 3314 4068
2.894238248236084 4632 4227 4122 4366 5141 4822 5026 4145 3741 4086 3622 3850 3569 3243 3371 4090
3.043034384490967 4936 4584 4533 4873 5685 5232 5337 4130 3975 4356 3855 4079 3750 3410 3471 4094
