-3.059908173138428 2948 3023 3068 3418 3424 3442 3361 4357 2398 2679 2614 2835 2834 2798 3201 4192
-2.992029523352051 2933 3047 3104 3466 3499 3516 3418 4353 2388 2660 2574 2805 2796 2719 3132 4206
-2.845150863079834 2834 2930 3019 3367 3358 3421 3298 4297 2361 2623 2546 2768 2718 2618 3027 4212
-2.672578024639893 2706 2733 2742 3054 3015 3077 2990 4077 2347 2605 2505 2721 2633 2480 2863 4113
-2.4923352822692872 2647 2632 2600 2829 2804 2906 2828 4059 2342 2590 2487 2687 2586 2404 2777 4185
-2.3117090447021487 2644 2625 2592 2855 2804 2877 2828 4064 2339 2585 2471 2669 2579 2418 2793 4274
-2.131466302331543 2683 2693 2684 2984 2950 3011 2958 4089 2346 2589 2492 2671 2616 2474 2854 4409
-1.9535245311401368 2703 2728 2741 3073 3039 3104 3066 4078 2374 2638 2552 2770 2708 2583 2915 4503
-1.7728982935729982 2709 2744 2751 3050 3052 3146 3070 4031 2420 2716 2648 2869 2800 2649 2954 4549
-1.5918885608093263 2663 2679 2713 3007 3024 3095 3058 4015 2468 2844 2782 2998 2891 2699 2966 4596
-1.4131797992248536 2621 2626 2638 2897 2927 3033 3011 3971 2565 2912 2844 3060 2946 2749 2993 4600
-1.2340875424438478 2585 2568 2537 2806 2802 2951 2999 3939 2589 2920 2845 3034 2931 2715 2967 4555
-1.053461304876709 2554 2512 2464 2721 2705 2878 2916 3937 2562 2873 2786 2973 2862 2641 2889 4578
-0.87398555289917 2538 2494 2443 2663 2647 2802 2843 3911 2530 2827 2712 2888 2757 2537 2802 4551
-0.6948932961181641 2547 2497 2436 2678 2627 2773 2796 3932 2523 2808 2688 2850 2735 2495 2781 4529
-0.5158010393371583 2562 2537 2482 2742 2699 2847 2871 3965 2553 2861 2757 2936 2815 2601 2854 4522
-0.3370922777526856 2584 2563 2527 2810 2810 2998 3055 4007 2647 3008 2942 3142 3024 2816 3020 4503
-0.1572330305786133 2593 2578 2564 2855 2894 3131 3239 4040 2769 3175 3169 3399 3268 3072 3208 4460
0.02300971179199219 2625 2598 2583 2883 2947 3242 3347 4090 2667 3109 3154 3366 3258 3034 3189 4395
0.20248546376953128 2639 2609 2578 2883 2941 3212 3346 4124 2571 2990 3064 3271 3148 2916 3101 4318
0.38081073015747074 2604 2579 2538 2824 2851 3094 3203 4154 2487 2845 2829 3035 2897 2646 2873 4265
0.5595194917419434 2591 2555 2508 2766 2750 2938 3007 4213 2422 2721 2654 2850 2705 2458 2719 4202
0.7386117485229493 2578 2530 2473 2713 2683 2844 2889 4252 2403 2678 2607 2809 2673 2425 2705 4153
0.9200049764831544 2574 2525 2462 2701 2684 2874 2920 4292 2416 2714 2663 2881 2757 2511 2775 4113
1.0990972332641602 2599 2560 2503 2742 2764 2979 3028 4350 2423 2757 2715 2924 2828 2621 2852 4069
1.2785729852416994 2639 2619 2569 2856 2868 3078 3128 4371 2438 2786 2774 2975 2877 2642 2893 4021
1.4576652420227052 2710 2723 2711 3024 3048 3200 3207 4335 2418 2754 2689 2914 2806 2607 2865 3910
1.6375244891967775 2777 2795 2781 3080 3055 3210 3172 4382 2390 2692 2677 2896 2798 2591 2886 3907
1.8173837363708498 2880 2874 2823 3142 3154 3222 3173 4405 2355 2635 2558 2777 2694 2498 2854 3912
1.9968594883483888 2874 2870 2821 3130 3116 3211 3111 4425 2333 2586 2494 2705 2615 2445 2808 3928
2.1751847547363283 2836 2795 2715 2979 2954 3029 2994 4499 2321 2565 2465 2668 2578 2410 2761 3996
2.356577982696533 2789 2737 2640 2879 2819 2913 2870 4471 2319 2565 2476 2654 2559 2371 2723 4030
2.5360537346740726 2786 2725 2634 2864 2802 2880 2846 4464 2328 2592 2503 2714 2604 2432 2767 4059
2.7155294866516115 2872 2838 2748 2989 2965 3021 2983 4443 2347 2613 2546 2767 2692 2582 2905 4086
2.894238248236084 3062 3092 3032 3369 3402 3435 3315 4436 2355 2633 2583 2815 2765 2679 3050 4107
3.0441848700805667 3102 3143 3115 3457 3477 3511 3417 4406 2367 2653 2596 2821 2804 2750 3139 4153
