-3.058757691043515 8037 7148 9645 16955 25524 15965 9521 8612 9134 13971 12195 12708 11861 11427 10288 8065
-2.994713993149299 8033 7108 9319 15812 23619 14951 9190 8606 9327 14311 12367 12922 12113 11629 10557 8117
-2.847068342315328 7997 6789 7347 8120 10325 8110 7598 8594 9407 14267 12392 13047 12347 11966 10872 8171
-2.6718110372994195 7964 6564 6518 6263 7971 6495 6891 8545 9002 13495 11916 12635 12084 11649 10722 8311
-2.493102275510769 7957 6485 6414 6153 7810 6352 6779 8501 8621 12542 11140 11914 11491 11141 10327 8547
-2.312476037737261 7953 6487 6438 6156 7797 6310 6773 8423 8189 11391 10144 10977 10543 10330 9800 8599
-2.132233295160725 7967 6521 6477 6163 7837 6393 6803 8395 7720 10254 9209 10016 9597 9370 8969 9088
-1.951990552584189 7990 6565 6545 6251 7898 6422 6861 8409 7365 9291 8356 9112 8737 8437 8037 8894
-1.772898295598567 8025 6625 6628 6360 7987 6499 6905 8410 7108 8604 7736 8531 8118 7745 7381 8764
-1.593806038612945 8061 6734 6748 6509 8128 6603 6998 8393 6894 8067 7179 7946 7504 7109 6948 8695
-1.4147137816273228 8123 6874 6978 6669 8320 6716 7142 8389 6719 7636 6724 7496 7085 6695 6531 8717
-1.2344710390507867 8202 7072 7261 6918 8567 6909 7354 8397 6597 7343 6374 7095 6730 6398 6289 8725
-1.0542282964742506 8315 7364 7610 7299 8924 7299 7622 8401 6510 7121 6155 6883 6517 6246 6097 8609
-0.8751360394886285 8479 7819 8222 7855 9442 7634 7982 8418 6452 6991 5973 6723 6353 6023 5941 8427
-0.6948932969120925 8690 8370 8825 8323 9982 8075 8293 8377 6424 6906 5879 6639 6298 5966 5849 8396
-0.5161845351234418 8910 9007 9576 8908 10592 8572 8729 8384 6411 6891 5826 6576 6274 5902 5792 8303
-0.336325287743877 9285 10376 10962 10241 11922 9622 9667 8450 6414 6874 5862 6627 6318 5998 5841 8221
-0.1564660403643122 10030 12606 12398 11512 13291 10755 10560 8493 6437 7131 6702 8413 8582 8018 6701 8163
0.022626216621309852 10737 13676 13380 12787 14538 11824 11593 8535 6453 7481 8783 16300 20275 14043 7692 8134
0.20133497840996056 11296 14680 13944 13351 15312 12689 12480 8603 6404 7151 7044 9594 9824 8028 6505 8088
0.38119422578952533 11441 14414 13856 13405 15493 12947 12760 8676 6363 6830 5848 6609 6239 5884 5749 8059
0.5602864827751474 10882 13483 13263 12939 15209 12758 12689 8798 6339 6707 5680 6406 6049 5731 5630 8028
0.7393787397607694 10170 11603 11695 11395 13578 11452 11536 8880 6341 6733 5702 6455 6090 5751 5645 7968
0.9196214823373056 9652 10443 10705 10397 12453 10574 10797 8925 6353 6756 5748 6480 6101 5782 5674 7927
1.099097234519899 9208 9383 9616 9372 11366 9519 9789 9240 6372 6812 5800 6547 6171 5834 5737 7954
1.278189491505521 8867 8547 8753 8432 10412 8660 8934 9144 6404 6885 5937 6625 6261 5913 5794 7960
1.4576652436881143 8606 7928 8113 7873 9722 8019 8291 9043 6441 6991 6069 6756 6354 6018 5877 7941
1.6371409958707077 8452 7604 7782 7525 9330 7649 7993 9017 6477 7078 6196 6905 6488 6120 5933 7867
1.8177672336442152 8305 7270 7392 7169 8872 7271 7687 9034 6529 7255 6412 7140 6639 6300 6124 7856
1.9972429858268086 8193 6964 7006 6723 8488 6945 7400 9034 6655 7620 6851 7529 7017 6659 6420 7933
2.176335242812431 8121 6795 6798 6509 8236 6727 7212 8849 6848 8163 7445 8045 7441 7090 6810 8007
2.356577985388967 8062 6675 6631 6384 8100 6586 7023 8810 7110 8926 8223 8733 8090 7628 7215 7973
2.535670242374589 8041 6629 6563 6311 8006 6478 6951 8792 7389 9949 8953 9420 8707 8206 7560 7970
2.7151459945571825 8036 6616 6526 6282 7968 6464 6927 8757 7622 11029 9785 10225 9455 8895 8220 8015
2.895005241936747 8049 6669 6673 6486 8337 6708 7106 8700 8167 12085 10885 11204 10435 9789 8872 8002
3.043801378361632 8068 6896 7469 8182 10638 8353 7921 8660 8594 13010 11641 12064 11197 10725 9468 8031
