  5095  4873  4808  5146  4788  5616  6097  4868  5471  4978  5215  4681  5018  5044  6933  5647
  5098  4874  4806  5155  4789  5611  6107  4867  5474  4972  5211  4705  5018  5039  6949  5647
  5095  4873  4809  5138  4801  5624  6099  4862  5476  4976  5218  4685  5017  5044  6947  5656
  5093  4874  4814  5149  4776  5611  6074  4862  5473  4981  5216  4699  5018  5047  6955  5652
  5096  4872  4811  5164  4794  5616  6096  4868  5473  4983  5213  4710  5015  5048  6963  5660
  5097  4874  4814  5158  4782  5629  6083  4856  5471  4975  5213  4701  5015  5057  6957  5655
  5093  4875  4811  5138  4788  5619  6090  4868  5475  4978  5215  4694  5018  5054  6958  5660
  5097  4875  4807  5141  4797  5627  6104  4862  5474  4974  5216  4680  5027  5045  6967  5655
  5097  4874  4805  5150  4787  5625  6095  4863  5474  4977  5216  4690  5010  5049  6966  5643
  5094  4876  4816  5140  4797  5610  6094  4868  5480  4979  5221  4686  5018  5056  6958  5655
  5097  4870  4811  5158  4796  5609  6087  4862  5473  4985  5219  4687  5030  5042  6974  5647
  5097  4876  4814  5154  4800  5621  6072  4866  5473  4980  5219  4708  5028  5046  6970  5657
  5100  4874  4815  5137  4802  5619  6078  4857  5472  4983  5220  4692  5016  5060  6981  5655
  5094  4871  4811  5141  4778  5630  6066  4849  5476  4972  5215  4694  5025  5056  6989  5649
  5096  4872  4814  5139  4794  5606  6065  4860  5475  4979  5220  4681  5019  5054  6984  5651
  5100  4876  4818  5182  4793  5607  6073  4857  5470  4985  5217  4711  5020  5065  7002  5662
  5095  4873  4808  5133  4794  5598  6056  4875  5475  4970  5216  4709  5018  5060  7004  5655
  5095  4876  4816  5133  4797  5605  6062  4864  5474  4982  5220  4698  5026  5069  7006  5658
  5101  4874  4811  5141  4799  5609  6062  4869  5473  4982  5217  4709  5022  5071  7013  5658
  5095  4876  4805  5160  4790  5614  6048  4860  5472  4981  5210  4697  5013  5054  7010  5656
  5092  4874  4812  5144  4784  5608  6058  4858  5476  4977  5217  4693  5019  5067  6995  5656
  5100  4874  4814  5146  4794  5605  6051  4858  5471  4976  5224  4680  5039  5052  6994  5624
  5097  4876  4813  5141  4800  5613  6051  4862  5476  4976  5217  4689  5018  5061  7012  5657
  5099  4870  4807  5153  4798  5620  6064  4865  5476  4977  5220  4701  5025  5057  7004  5650
  5099  4870  4810  5150  4795  5600  6063  4863  5473  4981  5218  4708  5022  5050  7009  5658
  5095  4872  4818  5137  4796  5611  6054  4858  5473  4981  5216  4694  5029  5059  7002  5650
  5092  4875  4809  5176  4799  5604  6054  4853  5481  4980  5213  4707  5019  5058  7005  5655
  5099  4873  4810  5137  4789  5607  6058  4837  5475  4977  5215  4689  5021  5070  6993  5656
  5098  4874  4811  5150  4800  5601  6045  4861  5477  4978  5219  4682  5024  5056  7004  5659
  5099  4874  4817  5142  4796  5606  6032  4861  5472  4978  5219  4711  5028  5055  7024  5652
  5098  4873  4807  5139  4782  5601  6051  4857  5474  4981  5215  4703  5019  5062  7026  5660
  5096  4871  4809  5154  4796  5612  6034  4858  5475  4982  5217  4690  5035  5053  7033  5652
  5093  4872  4814  5127  4787  5619  6032  4862  5473  4986  5211  4692  5026  5076  7031  5628
  5095  4872  4815  5158  4800  5637  6140  4862  5476  4984  5223  4711  5034  5116  7222  5658
  5095  4873  4813  5148  4810  5661  6164  4868  5473  4988  5222  4704  5030  5119  7214  5660
  5097  4875  4812  5143  4808  5660  6156  4856  5476  4978  5222  4694  5040  5110  7223  5634
  5102  4878  4813  5163  4801  5650  6169  4867  5476  4982  5217  4695  5033  5113  7217  5660
  5100  4873  4816  5157  4799  5652  6151  4873  5481  4976  5220  4691  5037  5122  7231  5662
  5099  4876  4816  5139  4802  5663  6146  4862  5478  4983  5216  4716  5034  5120  7275  5628
  5095  4874  4817  5154  4797  5651  6118  4848  5475  4981  5223  4714  5040  5132  7306  5656
  5095  4876  4820  5147  4792  5634  6101  4832  5478  4983  5222  4706  5039  5137  7371  5657
  5101  4874  4814  5150  4808  5621  6039  4855  5475  4979  5220  4693  5044  5140  7417  5667
  5096  4875  4811  5153  4787  5595  6018  4862  5477  4983  5222  4696  5054  5160  7463  5642
  5100  4881  4812  5150  4789  5603  6009  4859  5474  4982  5219  4713  5049  5165  7466  5672
  5101  4874  4812  5137  4787  5596  6011  4856  5481  4982  5221  4707  5050  5165  7466  5668
  5099  4879  4817  5138  4795  5590  6017  4832  5474  4992  5225  4717  5052  5210  7716  5677
  5103  4880  4814  5157  4804  5660  6199  4867  5478  4985  5230  4716  5065  5218  7721  5671
  5101  4879  4820  5152  4793  5669  6201  4858  5475  4981  5224  4712  5059  5200  7725  5681
  5105  4879  4821  5141  4795  5677  6195  4867  5483  4982  5225  4701  5056  5213  7716  5671
  5102  4883  4816  5181  4780  5676  6202  4863  5480  4983  5226  4692  5060  5213  7733  5671
  5104  4884  4822  5142  4805  5661  6195  4859  5476  4985  5222  4720  5059  5222  7746  5680
  5108  4878  4811  5146  4807  5674  6193  4855  5484  4986  5223  4703  5059  5220  7745  5669
  5106  4878  4813  5147  4808  5677  6198  4862  5481  4990  5224  4719  5073  5221  7754  5666
  5104  4879  4821  5156  4804  5675  6184  4864  5479  4986  5228  4713  5069  5227  7749  5672
  5104  4880  4815  5146  4807  5675  6209  4857  5476  4989  5229  4718  5065  5201  7730  5671
  5102  4881  4817  5161  4788  5687  6200  4871  5479  4983  5222  4701  5057  5219  7732  5676
  5099  4882  4816  5158  4795  5675  6216  4860  5480  4985  5227  4686  5068  5198  7731  5679
  5102  4878  4812  5151  4777  5667  6215  4864  5482  4984  5224  4698  5060  5219  7715  5676
  5104  4878  4820  5149  4799  5665  6218  4869  5481  4988  5223  4709  5068  5220  7692  5670
  5108  4879  4818  5182  4813  5661  6208  4863  5481  4992  5228  4720  5073  5227  7715  5661
  5100  4882  4821  5142  4813  5693  6260  4870  5474  4991  5228  4715  5074  5290  8104  5679
  5108  4880  4825  5176  4829  5758  6419  4871  5480  4991  5227  4709  5077  5275  8097  5680
  5105  4884  4818  5150  4820  5764  6422  4873  5481  4988  5234  4723  5078  5287  8089  5678
  5108  4881  4826  5151  4823  5735  6405  4877  5483  4986  5224  4708  5070  5275  8072  5680
  5107  4879  4822  5175  4834  5749  6412  4872  5481  4987  5228  4712  5072  5295  8110  5682
  5103  4882  4818  5150  4820  5755  6407  4865  5484  4988  5229  4727  5071  5288  8104  5677
  5105  4880  4822  5161  4823  5759  6422  4866  5488  4984  5231  4698  5075  5293  8117  5676
  5103  4879  4820  5167  4825  5735  6402  4874  5482  4988  5234  4705  5074  5293  8116  5683
  5105  4883  4816  5186  4823  5747  6408  4872  5480  4985  5229  4712  5057  5278  8095  5671
  5106  4881  4830  5154  4818  5750  6402  4867  5485  4991  5226  4709  5072  5292  8100  5681
  5109  4881  4820  5161  4819  5740  6417  4868  5482  4987  5228  4694  5073  5259  8078  5679
  5107  4879  4822  5173  4822  5751  6426  4873  5483  4987  5231  4725  5078  5289  8082  5677
  5110  4885  4825  5158  4827  5737  6416  4862  5483  4985  5231  4719  5087  5329  8422  5681
  5116  4883  4823  5168  4847  5848  6720  4883  5491  4997  5241  4717  5103  5352  8566  5693
  5110  4885  4826  5189  4842  5831  6695  4878  5488  4995  5236  4716  5094  5349  8559  5682
  5110  4887  4822  5186  4835  5831  6699  4882  5486  4993  5237  4714  5093  5358  8579  5691
  5112  4885  4825  5166  4819  5830  6685  4876  5489  4992  5234  4709  5095  5368  8580  5690
  5113  4888  4825  5178  4845  5829  6706  4874  5491  4986  5231  4706  5103  5353  8560  5686
  5112  4887  4831  5188  4808  5828  6681  4874  5487  4993  5233  4714  5096  5361  8544  5682
  5115  4887  4829  5156  4849  5828  6701  4874  5492  4993  5234  4708  5089  5366  8548  5687
  5111  4888  4833  5167  4844  5850  6712  4876  5485  4995  5238  4725  5104  5352  8510  5686
  5113  4887  4831  5181  4847  5852  6733  4885  5485  4990  5234  4708  5092  5346  8484  5689
  5107  4885  4825  5166  4849  5850  6719  4881  5490  4988  5230  4709  5091  5354  8484  5689
  5113  4887  4831  5170  4850  5861  6727  4878  5489  4990  5239  4705  5091  5355  8471  5696
  5111  4886  4825  5180  4827  5853  6712  4873  5487  4993  5232  4703  5091  5363  8673  5693
  5115  4889  4831  5183  4864  5918  7017  4887  5491  4998  5236  4722  5109  5419  9065  5708
  5115  4890  4831  5171  4842  5916  7007  4889  5495  4993  5240  4730  5106  5439  9071  5695
  5116  4887  4834  5188  4861  5917  6990  4893  5494  5003  5243  4734  5115  5443  9077  5707
  5119  4890  4838  5205  4851  5948  7027  4886  5490  4999  5242  4728  5113  5428  9063  5697
  5115  4893  4831  5193  4859  5943  7020  4885  5493  4998  5234  4718  5106  5437  9063  5701
  5115  4891  4839  5172  4855  5925  7021  4890  5493  4997  5240  4722  5110  5424  9029  5695
  5117  4888  4836  5216  4847  5947  7019  4881  5491  4996  5244  4714  5104  5416  9056  5694
  5120  4896  4832  5171  4865  5942  7028  4890  5493  4996  5240  4715  5109  5433  9056  5704
  5117  4888  4834  5171  4853  5924  7023  4889  5493  4993  5239  4719  5109  5433  9076  5706
  5112  4892  4834  5218  4851  5944  7009  4884  5490  4999  5241  4735  5122  5432  9072  5708
  5117  4889  4829  5193  4862  5923  7024  4888  5495  4997  5237  4730  5112  5422  9054  5700
  5117  4889  4837  5183  4862  5925  7030  4896  5492  5001  5240  4717  5111  5416  9033  5701
  5116  4893  4840  5180  4872  6048  7447  4901  5499  5006  5243  4739  5137  5545  9897  5721
  5122  4898  4840  5195  4887  6051  7528  4877  5502  5003  5253  4711  5141  5530  9830  5719
  5124  4898  4838  5189  4887  6052  7514  4905  5500  5006  5243  4730  5132  5543  9863  5716
  5126  4898  4843  5178  4876  6071  7514  4900  5500  5008  5246  4743  5128  5536  9863  5719
  5120  4898  4847  5218  4876  6046  7508  4906  5500  5006  5248  4746  5131  5539  9903  5719
  5122  4897  4842  5182  4884  6049  7521  4900  5500  5007  5246  4732  5138  5548  9910  5723
  5120  4901  4835  5204  4886  6045  7507  4903  5501  5007  5244  4732  5119  5538  9881  5719
  5123  4895  4834  5177  4881  6053  7516  4899  5498  5005  5246  4725  5127  5544  9856  5720
  5123  4896  4838  5208  4888  6056  7530  4905  5501  5002  5244  4716  5131  5536  9863  5719
  5125  4900  4843  5194  4892  6056  7556  4904  5499  5002  5247  4741  5125  5527  9879  5716
  5121  4898  4835  5198  4890  6059  7534  4898  5502  5000  5244  4744  5127  5536  9864  5712
  5119  4897  4839  5210  4879  6082  7525  4900  5502  5006  5246  4746  5140  5543  9934  5726
  5129  4899  4843  5232  4913  6159  8066  4923  5508  5015  5246  4749  5155  5660 11030  5745
  5131  4903  4845  5219  4903  6173  8063  4914  5508  5009  5250  4733  5155  5660 10979  5741
  5133  4903  4851  5200  4909  6164  8036  4918  5509  5005  5251  4741  5151  5646 10983  5739
  5131  4904  4846  5217  4903  6190  8060  4907  5503  5008  5251  4730  5155  5656 10908  5736
  5133  4903  4842  5222  4911  6193  8069  4915  5507  5007  5247  4734  5152  5650 10907  5742
  5135  4903  4855  5194  4894  6179  8057  4892  5506  5009  5250  4749  5150  5653 10911  5739
  5135  4900  4841  5217  4903  6179  8081  4911  5510  5012  5253  4730  5164  5653 10908  5744
  5132  4902  4848  5215  4899  6194  8087  4913  5505  5016  5255  4746  5155  5652 10947  5750
  5137  4900  4851  5229  4904  6171  8059  4921  5507  5008  5245  4735  5156  5650 10935  5748
  5133  4904  4847  5219  4902  6188  8094  4913  5511  5012  5254  4743  5146  5656 10959  5749
  5137  4902  4849  5221  4908  6189  8098  4913  5504  5007  5247  4751  5151  5640 10941  5734
  5135  4905  4850  5202  4908  6179  8101  4913  5508  5011  5257  4736  5179  5776 12609  5773
  5148  4914  4855  5249  4935  6312  8921  4932  5517  5008  5257  4757  5187  5783 12598  5769
  5140  4911  4854  5225  4935  6331  8886  4934  5514  5016  5261  4762  5174  5776 12618  5771
  5144  4911  4855  5212  4928  6310  8887  4934  5516  5018  5261  4746  5173  5789 12672  5774
  5141  4912  4857  5208  4935  6340  8900  4929  5517  5017  5258  4743  5178  5804 12637  5770
  5144  4913  4859  5217  4927  6322  8885  4933  5518  5018  5262  4744  5172  5804 12613  5772
  5142  4912  4853  5223  4934  6314  8894  4937  5516  5021  5257  4749  5180  5780 12546  5781
  5143  4911  4854  5237  4933  6315  8874  4931  5519  5013  5261  4750  5179  5785 12516  5775
  5144  4912  4851  5208  4933  6318  8885  4935  5516  5018  5256  4744  5185  5789 12448  5764
  5144  4912  4857  5227  4939  6315  8866  4936  5512  5019  5261  4734  5182  5785 12488  5763
  5146  4910  4857  5227  4930  6341  8899  4934  5517  5017  5259  4744  5178  5770 12518  5773
  5146  4916  4853  5200  4942  6314  8915  4932  5513  5021  5257  4763  5177  5787 12468  5773
  5144  4914  4859  5212  4938  6330  8902  4935  5518  5020  5262  4737  5177  5795 12496  5776
  5144  4912  4850  5205  4943  6362  9321  4943  5520  5025  5268  4748  5216  5991 15225  5794
  5158  4921  4865  5251  4936  6519 10346  4960  5527  5028  5266  4756  5207  5962 14923  5802
  5160  4923  4860  5246  4968  6522 10394  4935  5530  5032  5273  4768  5205  5933 14725  5790
  5159  4919  4868  5249  4972  6549 10559  4962  5528  5030  5273  4771  5204  5914 14427  5799
  5158  4923  4866  5228  4969  6577 10643  4969  5529  5028  5270  4770  5197  5904 14084  5796
  5158  4924  4865  5242  4971  6589 10901  4967  5530  5026  5272  4770  5208  5868 13534  5789
  5156  4924  4863  5241  4979  6619 11178  4975  5531  5026  5274  4745  5205  5823 13274  5779
  5160  4923  4864  5247  4977  6650 11516  4977  5531  5032  5269  4749  5203  5830 13020  5779
  5159  4924  4864  5228  4957  6663 11607  4979  5533  5030  5274  4762  5192  5810 12961  5776
  5155  4919  4860  5228  4980  6683 11651  4987  5529  5034  5265  4736  5200  5829 13034  5785
  5159  4921  4864  5243  4976  6658 11571  4974  5527  5028  5272  4752  5193  5830 13118  5778
  5159  4919  4869  5239  4983  6662 11405  4984  5528  5025  5271  4748  5193  5830 13217  5783
  5159  4922  4857  5223  4981  6641 11277  4969  5533  5031  5275  4762  5206  5982 15827  5825
  5179  4937  4871  5247  5014  6920 13849  5001  5545  5050  5287  4775  5213  6038 16394  5833
  5178  4937  4877  5290  5008  6892 13890  5001  5544  5047  5277  4764  5221  6044 16341  5829
  5179  4936  4882  5243  5018  6944 14128  5001  5548  5041  5284  4763  5225  6027 16314  5824
  5180  4934  4874  5246  5003  6912 14101  5010  5546  5048  5284  4754  5225  6032 16300  5829
  5180  4930  4875  5256  5000  6917 14070  5011  5552  5048  5284  4770  5221  6032 16470  5823
  5179  4936  4873  5252  5013  6904 13915  5007  5553  5043  5287  4761  5225  6049 16502  5827
  5180  4936  4872  5243  5016  6921 13903  5013  5548  5052  5287  4783  5239  6048 16484  5826
  5181  4933  4878  5261  4996  6899 13865  5011  5546  5048  5279  4785  5228  6044 16498  5834
  5182  4935  4877  5260  5017  6903 13925  5000  5546  5039  5285  4768  5219  6051 16480  5821
  5178  4935  4876  5252  5006  6901 13891  5004  5542  5041  5288  4760  5225  6035 16469  5827
  5179  4936  4877  5255  5005  6899 13878  5019  5543  5044  5284  4785  5238  6032 16550  5827
  5178  4938  4882  5248  5008  6903 13896  5007  5542  5041  5281  4768  5223  6047 16573  5830
  5176  4936  4886  5242  5031  7099 16691  5031  5569  5056  5302  4776  5252  6283 21341  5900
  5203  4951  4894  5285  5040  7196 17758  5044  5568  5056  5300  4780  5251  6279 21502  5893
  5205  4954  4891  5269  5038  7206 17693  5044  5570  5057  5301  4789  5254  6283 21402  5899
  5200  4949  4891  5256  5035  7186 17545  5035  5568  5059  5298  4777  5246  6282 21197  5899
  5201  4947  4889  5270  5035  7204 17747  5025  5565  5055  5294  4800  5256  6291 21601  5894
  5199  4950  4888  5262  5039  7213 17664  5042  5562  5057  5302  4790  5252  6303 21702  5902
  5204  4954  4890  5259  5044  7201 17608  5044  5569  5061  5300  4775  5253  6298 21807  5909
  5204  4953  4892  5297  5036  7191 17532  5049  5568  5057  5302  4781  5245  6306 21850  5902
  5200  4949  4888  5287  5032  7206 17478  5040  5568  5060  5297  4780  5243  6302 21969  5899
  5204  4949  4892  5273  5045  7201 17630  5050  5568  5064  5301  4779  5248  6322 22143  5907
  5200  4947  4893  5248  5043  7198 17474  5051  5570  5055  5301  4774  5244  6326 22170  5901
  5202  4949  4895  5281  5036  7213 17566  5049  5565  5060  5298  4775  5270  6545 29487  5988
  5228  4972  4911  5299  5076  7670 25728  5125  5601  5080  5317  4796  5282  6702 34453  6022
  5235  4971  4917  5309  5075  7658 25478  5129  5601  5086  5321  4800  5285  6690 34041  6019
  5229  4973  4915  5289  5071  7669 25125  5115  5595  5081  5322  4764  5279  6699 34639  6018
  5227  4973  4917  5314  5073  7662 25217  5112  5596  5086  5321  4806  5292  6726 34974  6022
  5233  4977  4912  5309  5078  7691 25212  5116  5598  5082  5320  4820  5281  6720 35126  5981
  5232  4970  4916  5293  5069  7639 25080  5087  5600  5083  5325  4820  5279  6698 34305  6020
  5231  4972  4905  5319  5069  7641 24973  5120  5600  5082  5321  4813  5275  6701 34342  6019
  5232  4971  4910  5278  5069  7644 24849  5118  5600  5087  5313  4806  5283  6693 34256  6020
  5230  4972  4916  5288  5073  7627 24642  5112  5602  5082  5322  4796  5284  6715 34886  6020
  5234  4974  4913  5282  5054  7651 24796  5113  5599  5083  5326  4794  5279  6720 35322  6021
  5231  4972  4914  5314  5074  7594 24232  5118  5595  5079  5326  4798  5283  6734 35876  6029
  5233  4973  4914  5284  5069  7601 24217  5111  5602  5083  5316  4802  5279  6753 36402  6034
  5233  4974  4911  5282  5074  7619 23988  5108  5597  5080  5324  4765  5283  6784 37850  6041
  5234  4977  4922  5293  5096  7922 31071  5186  5636  5110  5349  4829  5318  7233 65535  6392
  5266  4993  4944  5304  5109  7959 30403  5138  5631  5116  5342  4822  5317  7268 65535  6435
  5264  4999  4948  5305  5103  7956 29489  5152  5630  5112  5344  4832  5308  7259 65535  6436
  5268  4998  4941  5313  5105  7947 29445  5147  5633  5117  5349  4841  5315  7265 65535  6437
  5266  4992  4941  5316  5106  7969 29604  5147  5631  5112  5346  4823  5321  7261 65535  6435
  5268  4998  4941  5305  5112  7947 29610  5139  5638  5110  5350  4838  5314  7246 65535  6411
  5267  4997  4938  5313  5111  7986 30832  5165  5638  5117  5343  4807  5318  7228 65535  6350
  5267  4999  4938  5304  5084  8043 31958  5172  5633  5113  5345  4815  5314  7212 65535  6302
  5268  4996  4939  5320  5093  8118 33449  5185  5636  5106  5347  4824  5323  7218 65535  6299
  5265  4996  4943  5326  5101  8086 33141  5180  5632  5111  5343  4825  5333  7223 65535  6321
  5269  4995  4939  5308  5089  8059 32281  5180  5636  5113  5349  4821  5319  7233 65535  6355
  5270  4998  4948  5304  5102  7997 30766  5164  5631  5108  5341  4825  5313  7254 65535  6368
  5266  4998  4946  5325  5129  8844 64647  5745  5670  5144  5380  4870  5361  7566 65535  6422
  5303  5025  4974  5335  5117  9734 65535  5682  5670  5144  5375  4870  5347  7534 65535  6398
  5299  5021  4970  5356  5136  9732 65535  5713  5670  5151  5375  4863  5356  7526 65535  6386
  5302  5023  4970  5337  5153  9719 65535  5739  5671  5145  5372  4854  5354  7465 65535  6386
  5303  5023  4967  5368  5139  9703 65535  5746  5669  5141  5380  4850  5351  7486 65535  6368
  5303  5021  4972  5354  5140  9779 65535  5757  5668  5142  5381  4867  5353  7473 65535  6370
  5305  5024  4971  5330  5141  9649 65535  5738  5675  5148  5380  4855  5351  7443 65535  6411
  5301  5027  4967  5335  5134  9611 65535  5748  5671  5141  5378  4874  5361  7416 65535  6423
  5299  5021  4969  5361  5132  9457 65535  5706  5672  5149  5383  4855  5349  7388 65535  6419
  5300  5024  4976  5340  5147  9532 65535  5704  5672  5141  5376  4848  5363  7410 65535  6399
  5299  5023  4970  5347  5136  9557 65535  5750  5676  5141  5373  4865  5355  7384 65535  6389
  5302  5022  4966  5350  5119  9538 65535  5778  5670  5139  5376  4866  5347  7370 65535  6395
  5300  5023  4964  5350  5144  9514 65535  5765  5669  5144  5373  4858  5357  7359 65535  6397
  5303  5023  4970  5332  5143  9512 65535  5759  5670  5142  5375  4845  5355  7394 65535  6429
  5301  5023  4969  5347  5134  9503 65535  5744  5671  5146  5379  4848  5346  7376 65535  6432
  5304  5023  4968  5347  5131  9465 65535  5734  5673  5145  5375  4853  5347  7386 65535  6426
  5305  5025  4966  5336  5129  9492 65535  5737  5671  5143  5374  4853  5348  7395 65535  6405
  5298  5023  4970  5351  5124  9486 65535  5752  5672  5143  5369  4815  5353  7369 65535  6398
  5298  5027  4971  5334  5127  9543 65535  5747  5671  5143  5372  4858  5349  7379 65535  6384
  5304  5027  4966  5352  5141  9497 65535  5780  5673  5144  5375  4864  5345  7346 65535  6384
  5299  5021  4966  5353  5140  9530 65535  5768  5670  5142  5378  4869  5351  7388 65535  6395
  5298  5027  4969  5344  5141  9538 65535  5747  5673  5141  5378  4873  5347  7374 65535  6410
  5301  5022  4968  5365  5132  9511 65535  5745  5672  5145  5382  4864  5353  7396 65535  6417
  5300  5024  4969  5328  5140  9599 65535  5753  5673  5144  5379  4863  5346  7406 65535  6390
  5300  5027  4969  5368  5133  9589 65535  5790  5671  5140  5375  4848  5352  7394 65535  6378
  5298  5025  4972  5346  5111  9632 65535  5791  5671  5145  5379  4865  5354  7392 65535  6378
  5299  5024  4962  5334  5139  9565 65535  5766  5671  5144  5375  4849  5352  7390 65535  6393
  5301  5027  4973  5350  5140  9587 65535  5767  5670  5143  5379  4820  5349  7407 65535  6393
  5302  5025  4968  5341  5140  9576 65535  5737  5672  5141  5379  4856  5349  7416 65535  6390
  5303  5023  4965  5334  5134  9621 65535  5764  5669  5142  5373  4851  5351  7422 65535  6407
  5301  5024  4971  5329  5133  9593 65535  5767  5673  5138  5374  4856  5352  7396 65535  6378
  5302  5022  4972  5361  5120  9588 65535  5768  5669  5144  5373  4872  5352  7397 65535  6377
  5304  5021  4971  5337  5142  9583 65535  5753  5671  5143  5376  4864  5352  7429 65535  6389
  5303  5025  4968  5327  5148  9600 65535  5746  5671  5148  5379  4863  5355  7406 65535  6386
  5300  5022  4966  5351  5137  9591 65535  5779  5669  5143  5375  4846  5361  7391 65535  6395
