-3.060291668334961 2476 2472 2404 2624 2617 2816 2788 4705 2271 2505 2357 2551 2435 2250 2593 4417
-2.9931800089416507 2478 2480 2407 2610 2628 2798 2791 4678 2271 2506 2368 2556 2452 2259 2599 4437
-2.8447673678833008 2480 2480 2414 2632 2627 2822 2807 4640 2276 2512 2370 2573 2458 2285 2637 4449
-2.671811034246826 2474 2478 2412 2613 2628 2806 2804 4527 2275 2522 2375 2581 2487 2310 2666 4449
-2.4927187774658206 2465 2470 2404 2609 2618 2814 2794 4482 2279 2518 2372 2595 2496 2326 2668 4390
-2.312476035095215 2462 2459 2390 2612 2579 2785 2759 4402 2279 2523 2386 2595 2499 2340 2683 4379
-2.1318497975280764 2456 2433 2378 2546 2546 2752 2716 4334 2272 2512 2374 2571 2488 2332 2697 4448
-1.9523740455505372 2453 2439 2364 2537 2518 2712 2673 4287 2269 2508 2365 2547 2476 2317 2682 4505
-1.7717478079833986 2449 2435 2359 2554 2508 2701 2654 4177 2277 2510 2370 2579 2484 2336 2702 4519
-1.593039046398926 2450 2437 2364 2556 2522 2716 2670 4160 2283 2520 2385 2608 2519 2372 2737 4577
-1.412412808831787 2465 2456 2384 2563 2553 2743 2717 4161 2283 2524 2391 2602 2521 2361 2719 4530
-1.234854532836914 2466 2463 2393 2607 2574 2749 2717 4154 2290 2532 2401 2601 2524 2371 2725 4572
-1.0561457712524416 2468 2471 2396 2595 2572 2765 2714 4123 2293 2538 2407 2618 2540 2373 2735 4641
-0.8762865240783692 2471 2461 2398 2615 2568 2759 2703 4120 2290 2537 2397 2625 2533 2357 2706 4679
-0.6956602865112305 2467 2458 2388 2595 2552 2742 2689 4124 2288 2534 2401 2597 2511 2344 2696 4695
-0.515417544140625 2463 2449 2367 2574 2544 2677 2669 4145 2284 2527 2394 2589 2502 2335 2677 4704
-0.33632528735961914 2454 2448 2370 2550 2523 2687 2645 4183 2287 2530 2379 2600 2499 2323 2690 4817
-0.15646604018554688 2455 2444 2367 2569 2511 2690 2640 4203 2283 2532 2387 2587 2563 2368 2701 4826
0.023776702185058594 2454 2442 2366 2552 2512 2677 2648 4248 2293 2533 2408 2609 2528 2362 2721 4787
0.20210196857299806 2460 2444 2369 2572 2528 2718 2673 4307 2291 2543 2406 2617 2537 2378 2730 4756
0.3796602445678711 2459 2452 2377 2565 2559 2720 2699 4320 2294 2543 2409 2624 2543 2383 2735 4673
0.5599029869384766 2463 2462 2390 2616 2575 2772 2733 4285 2291 2540 2412 2613 2550 2376 2738 4644
0.7393787389160157 2463 2459 2395 2598 2588 2780 2752 4251 2289 2528 2388 2606 2498 2349 2719 4591
0.9180875005004884 2460 2456 2390 2593 2581 2791 2769 4264 2280 2513 2369 2584 2485 2307 2664 4492
1.0990972332641602 2454 2454 2383 2594 2574 2781 2769 4319 2271 2503 2354 2546 2456 2272 2614 4436
1.2778059948486329 2455 2449 2374 2592 2572 2776 2775 4324 2268 2503 2350 2538 2412 2252 2610 4338
1.4576652420227052 2460 2450 2391 2592 2583 2774 2791 4369 2269 2496 2358 2537 2432 2260 2607 4308
1.6371409940002442 2464 2466 2393 2608 2609 2809 2835 4427 2274 2493 2366 2562 2453 2272 2636 4262
1.8162332507812502 2474 2471 2401 2621 2640 2859 2859 4469 2278 2512 2369 2570 2471 2286 2630 4270
1.9960924979553225 2481 2480 2420 2654 2644 2825 2852 4476 2282 2521 2376 2572 2480 2291 2634 4237
2.176718735522461 2480 2483 2419 2637 2646 2842 2838 4590 2282 2525 2376 2568 2480 2286 2636 4236
2.3550440019104006 2478 2483 2420 2648 2626 2830 2806 4606 2283 2522 2380 2564 2464 2284 2624 4231
2.534903249084473 2473 2477 2404 2604 2599 2808 2778 4609 2279 2518 2366 2565 2457 2262 2619 4264
2.715912981848145 2470 2465 2392 2596 2587 2788 2752 4645 2274 2510 2351 2543 2437 2249 2607 4280
2.8946217434326176 2470 2466 2399 2590 2580 2782 2759 4726 2271 2504 2364 2553 2442 2239 2590 4305
3.0441848700805667 2470 2466 2391 2619 2590 2790 2775 4720 2271 2502 2345 2545 2439 2238 2585 4349