-3.0595246814374577 7698 6104 5917 5620 7292 6137 6644 8238 6146 6313 5177 5874 5580 5360 5343 7549
-2.970553795740104 7706 6116 5919 5613 7285 6165 6648 8224 6152 6310 5165 5859 5589 5356 5371 7542
-2.79107804355751 7704 6101 5921 5613 7242 6111 6519 8194 6160 6313 5182 5870 5577 5428 5403 7532
-2.6112187961779454 7699 6107 5921 5623 7267 6127 6573 8182 6156 6310 5169 5861 5581 5422 5401 7506
-2.4317430439953522 7700 6102 5921 5625 7279 6101 6582 8157 6159 6321 5169 5860 5577 5393 5363 7447
-2.2522672918127586 7696 6100 5908 5618 7240 6029 6539 8147 6164 6318 5180 5872 5629 5437 5440 7360
-2.0727915396301655 7699 6104 5914 5609 7255 5980 6526 8106 6166 6329 5184 5893 5594 5436 5412 7271
-1.893315787447572 7703 6102 5915 5613 7237 5986 6557 8087 6152 6321 5183 5870 5605 5401 5432 7188
-1.713456540068007 7700 6109 5904 5603 7238 5972 6479 8077 6158 6308 5180 5888 5614 5416 5451 7173
-1.5343642830823851 7701 6099 5908 5599 7243 5946 6496 8065 6148 6316 5181 5898 5611 5436 5446 7199
-1.3541215405058489 7703 6107 5915 5616 7245 5956 6491 8054 6144 6315 5169 5887 5621 5529 5455 7310
-1.1754127787171982 7703 6106 5911 5597 7221 5934 6434 8038 6147 6310 5167 5896 5653 5534 5523 7442
-0.9959370265346049 7703 6104 5907 5565 7209 5923 6440 8046 6142 6312 5176 5900 5651 5518 5525 7589
-0.8164612743520114 7702 6099 5911 5601 7204 5928 6462 8040 6141 6310 5167 5875 5642 5503 5525 7676
-0.6369855221694181 7700 6109 5911 5587 7198 5910 6423 8047 6138 6309 5174 5893 5645 5518 5530 7740
-0.4571262747898533 7695 6106 5913 5592 7203 5920 6449 8057 6143 6304 5179 5881 5649 5517 5511 7756
-0.27765052260725986 7698 6101 5911 5601 7200 5924 6436 8064 6139 6302 5171 5881 5651 5511 5501 7741
-0.09779127522769512 7710 6110 5915 5596 7204 5936 6447 8078 6140 6308 5165 5908 5659 5518 5546 7726
0.08168447695489828 7714 6112 5913 5612 7203 5907 6426 8088 6138 6308 5182 5873 5656 5539 5505 7694
0.2607767339405203 7718 6112 5912 5604 7209 5955 6485 8086 6142 6309 5178 5885 5639 5550 5481 7672
0.44025248612311374 7721 6118 5920 5604 7195 5991 6462 8069 6142 6314 5163 5877 5639 5554 5464 7652
0.6197282383057071 7721 6120 5923 5594 7215 5976 6487 8050 6132 6303 5161 5876 5649 5523 5458 7630
0.7992039904883006 7729 6117 5930 5608 7219 6014 6468 7987 6134 6310 5170 5881 5615 5475 5460 7586
0.978679742670894 7729 6122 5924 5621 7247 6041 6526 7916 6132 6309 5173 5870 5606 5413 5429 7562
1.1581554948534873 7733 6118 5918 5615 7246 6065 6512 7836 6139 6304 5154 5868 5598 5384 5444 7534
1.3376312470360807 7730 6125 5918 5613 7251 6052 6528 7772 6139 6309 5190 5886 5581 5406 5415 7528
1.517106999218674 7724 6120 5920 5598 7244 6093 6496 7767 6140 6306 5172 5858 5603 5408 5392 7507
1.696966246598239 7718 6113 5927 5607 7250 6042 6561 7804 6142 6310 5173 5875 5607 5354 5387 7497
1.8764419987808323 7707 6117 5922 5595 7262 6075 6580 7902 6142 6307 5172 5858 5589 5378 5378 7483
2.0559177509634257 7709 6110 5915 5633 7268 6143 6608 8005 6138 6302 5171 5855 5583 5339 5376 7491
2.2353935031460193 7708 6109 5922 5623 7264 6056 6605 8147 6143 6302 5158 5870 5584 5358 5371 7495