-3.0595246779418948 4212 3817 3811 4003 4472 3887 3711 4122 3989 4732 4278 4429 4048 3725 3712 4216
-2.9935635041381836 4194 3752 3631 3737 4217 3755 3688 4109 3951 4667 4201 4391 4031 3681 3691 4218
-2.8459178534729004 4163 3688 3516 3595 4048 3665 3636 4104 3904 4583 4153 4344 3997 3676 3707 4253
-2.67104404385376 4162 3676 3500 3578 4022 3644 3630 4094 3852 4448 4021 4232 3926 3673 3640 4241
-2.491951787072754 4166 3686 3505 3585 4030 3637 3626 4076 3801 4342 3916 4145 3857 3556 3618 4225
-2.3128595302917483 4167 3696 3516 3600 4055 3654 3646 4065 3727 4196 3773 4021 3752 3472 3542 4207
-2.133000283117676 4187 3721 3546 3627 4060 3659 3656 4052 3676 4093 3686 3955 3681 3388 3500 4208
-1.951990550354004 4198 3741 3568 3649 4091 3695 3673 4041 3640 4012 3590 3873 3631 3314 3428 4212
-1.7725147983764649 4223 3785 3626 3699 4147 3707 3718 4034 3579 3896 3473 3752 3503 3220 3337 4194
-1.593039046398926 4273 3891 3726 3786 4255 3795 3789 4029 3547 3839 3423 3701 3455 3171 3317 4207
-1.4131797992248536 4313 3981 3808 3864 4306 3890 3855 4018 3527 3796 3368 3650 3428 3147 3286 4212
-1.2333205520507813 4361 4078 3919 3920 4440 3940 3902 4022 3529 3775 3344 3630 3405 3128 3278 4223
-1.0546117904663086 4426 4211 4044 4073 4516 4021 3949 4021 3513 3754 3328 3619 3382 3107 3267 4228
-0.8755195336853028 4507 4355 4195 4164 4607 4072 3997 4017 3502 3747 3310 3607 3363 3095 3271 4232
-0.6952767913146973 4556 4497 4315 4295 4713 4145 4056 4028 3507 3736 3311 3585 3380 3101 3263 4256
-0.515417544140625 4622 4639 4430 4372 4809 4252 4084 4030 3513 3761 3338 3636 3401 3137 3272 4251
-0.33555829696655276 4687 4734 4529 4450 4844 4271 4117 4030 3558 3936 3676 4061 3797 3370 3342 4248
-0.1572330305786133 4695 4740 4499 4455 4861 4273 4130 4057 3602 4243 4687 5940 5102 3804 3397 4235
0.02300971179199219 4656 4637 4420 4407 4797 4228 4098 4088 3578 4000 3894 4415 4017 3409 3338 4230
0.20133497817993165 4602 4547 4338 4335 4772 4204 4093 4085 3524 3788 3360 3638 3418 3137 3297 4211
0.3800437397644043 4534 4410 4249 4244 4678 4169 4060 4139 3506 3756 3313 3620 3373 3094 3257 4204
0.560669977331543 4471 4269 4106 4123 4614 4097 4003 4148 3507 3763 3323 3544 3387 3103 3268 4178
0.7393787389160157 4404 4130 3990 4032 4485 4035 3952 4104 3506 3773 3332 3626 3397 3125 3282 4174
0.9200049764831544 4352 4023 3856 3930 4393 3958 3884 4096 3521 3799 3358 3626 3412 3144 3281 4152
1.0975632524780274 4301 3922 3774 3850 4294 3860 3826 4090 3542 3831 3396 3669 3440 3167 3303 4130
1.2778059948486329 4264 3858 3698 3785 4227 3764 3770 4094 3564 3864 3450 3679 3488 3216 3331 4120
1.4565147564331056 4234 3801 3638 3723 4165 3729 3725 4096 3586 3931 3519 3786 3534 3256 3381 4109
1.636757498803711 4209 3759 3590 3677 4122 3727 3701 4110 3618 4010 3578 3851 3586 3326 3442 4111
1.8173837363708498 4192 3728 3558 3640 4093 3641 3674 4124 3664 4105 3695 3957 3698 3381 3492 4102
1.9964759931518556 4178 3703 3528 3599 4058 3645 3657 4114 3721 4226 3808 4041 3741 3450 3532 4112
2.176335240325928 4170 3686 3510 3594 4040 3651 3647 4119 3785 4359 3939 4153 3819 3518 3560 4109
2.3546605067138673 4170 3679 3500 3584 4032 3645 3637 4133 3844 4498 4059 4249 3904 3559 3594 4103
2.5360537346740726 4179 3684 3503 3592 4052 3614 3648 4148 3905 4622 4203 4353 3985 3655 3644 4110
2.714379001062012 4193 3739 3584 3684 4142 3715 3678 4142 3956 4707 4276 4418 4024 3675 3669 4120
2.895388733825684 4238 3970 4151 4542 4992 4029 3768 4146 4000 4809 4322 4449 4081 3730 3703 4150
3.0445683652770996 4274 4109 4717 5696 5939 4317 3808 4121 4039 4866 4352 4494 4101 3743 3732 4164
